19
96 96
16 32 96 4 3 96 6 48 24 4 1 48 16 6 1 8 96 24 24 32 16 6 3 8 16 12 96 6 24 24 4 48 1 4 32 24 48 4 12 96 1 16 24 12 3 48 3 16 4 96 32 12 4 24 2 48 8 2 6 32 3 8 12 8 24 48 96 1 96 96 3 3 96 1 24 96 2 6 96 24 48 2 4 32 1 24 8 16 96 6 6 4 48 12 8 32 
78 96
16 96 16 6 24 12 48 8 3 12 2 6 6 12 3 3 6 4 2 32 4 8 8 2 48 1 12 24 16 32 1 24 96 3 3 48 2 3 4 12 32 12 1 96 48 16 8 24 16 16 6 2 8 96 3 4 1 8 4 4 12 8 2 6 48 16 48 24 48 48 1 2 6 12 8 6 4 32 
76 92
92 1 92 92 4 1 46 2 23 23 4 92 23 1 1 1 4 92 92 92 23 23 1 92 4 1 92 23 46 2 46 23 92 1 92 92 46 46 46 2 23 23 2 4 2 23 4 2 4 1 23 92 2 1 4 1 23 2 1 23 92 4 1 92 23 46 23 46 4 46 4 1 1 92 1 23 
81 52
4 2 4 26 26 26 52 4 52 13 4 4 13 1 52 52 26 1 52 52 52 1 26 13 4 52 1 52 1 1 2 13 13 26 4 2 26 52 4 1 1 4 1 13 1 13 52 2 4 1 4 1 2 52 4 1 1 52 4 1 26 13 4 52 52 52 1 1 26 26 1 4 26 13 52 4 13 52 2 52 1 
76 72
2 3 4 4 2 12 24 6 24 6 36 36 3 1 18 4 2 2 36 6 6 1 36 72 72 4 12 36 1 36 4 6 4 24 72 18 6 4 72 24 12 12 72 3 72 12 4 72 1 1 24 1 6 4 6 4 6 1 36 24 72 18 18 36 12 12 2 4 12 1 2 72 4 24 1 24 
50 99
3 3 99 99 1 33 99 3 1 1 33 1 33 99 3 1 3 33 33 3 33 1 33 1 1 33 3 3 1 1 33 3 99 33 33 33 3 3 99 1 3 1 33 99 1 99 1 3 99 99 
99 82
41 2 41 41 82 2 1 1 82 41 2 41 82 2 1 1 1 82 1 41 82 1 1 1 2 2 1 82 1 41 82 82 2 82 41 82 41 41 1 41 82 41 41 82 2 1 2 1 41 82 2 82 41 82 1 82 41 41 1 41 2 41 82 1 41 82 2 82 41 82 2 82 41 41 82 2 2 82 82 1 82 41 1 2 82 41 41 2 82 41 1 41 1 2 82 2 2 41 2 
64 51
51 17 51 1 51 1 51 1 1 1 1 51 3 51 17 51 17 17 3 51 1 1 3 3 3 1 3 1 51 17 51 1 51 1 17 1 3 3 3 3 17 3 1 51 3 51 3 17 1 17 51 51 51 1 3 51 1 17 17 3 1 51 17 17 
93 90
90 45 1 1 30 18 30 15 45 15 18 15 2 45 6 15 1 1 15 30 30 18 90 6 45 2 18 90 1 18 5 5 45 3 15 45 90 18 6 2 3 1 1 90 3 1 3 1 5 30 6 90 30 15 18 5 30 18 18 3 15 6 30 45 3 2 15 15 45 30 18 3 45 3 1 5 3 3 18 2 18 5 90 90 90 18 90 1 1 30 45 1 90 
57 77
77 77 11 77 11 11 77 7 11 11 77 1 7 11 11 77 77 11 7 11 1 11 7 7 7 11 77 77 1 1 11 77 11 1 1 77 11 77 11 1 77 11 77 11 1 1 7 77 77 11 77 11 77 77 7 1 1 
68 63
1 1 21 3 63 3 21 1 3 63 1 3 63 63 21 1 63 63 1 21 1 63 3 3 21 63 1 1 1 1 21 21 1 63 21 3 3 1 63 1 63 3 21 63 3 63 21 63 3 63 3 3 1 1 1 63 63 3 21 21 1 1 21 1 21 63 63 21 
92 61
61 61 61 1 1 1 1 61 61 1 1 61 61 1 61 61 61 61 61 61 61 61 1 61 1 61 1 1 61 61 61 61 61 1 61 1 61 1 61 61 61 1 1 1 61 1 61 61 61 61 1 1 61 61 61 61 61 61 1 61 61 61 61 61 1 61 1 1 61 1 1 61 1 1 1 61 61 1 61 1 61 61 1 1 61 1 1 1 1 61 1 61 
64 95
95 1 1 1 19 1 95 95 1 5 5 95 19 1 5 5 5 19 5 19 19 95 19 19 1 5 5 95 95 95 5 95 95 95 1 5 1 5 95 1 1 95 1 1 19 5 5 95 1 19 1 5 5 95 19 95 5 1 95 95 19 95 19 95 
66 69
1 1 23 1 69 23 1 69 23 23 3 3 69 23 69 1 3 1 23 23 69 3 23 23 1 1 3 1 69 1 3 1 23 1 23 1 69 69 69 69 69 3 3 69 69 69 1 1 69 69 3 69 3 1 1 3 69 1 69 69 23 3 69 1 23 69 
70 73
1 73 73 1 1 1 73 73 73 73 73 73 73 73 73 73 1 1 1 73 73 1 73 73 73 73 73 1 1 1 73 1 1 73 73 73 1 73 73 1 73 1 73 73 1 1 1 73 1 73 73 1 1 1 73 1 73 1 73 1 1 1 73 1 1 1 1 73 1 73 
54 55
55 55 11 1 1 11 11 55 1 11 55 11 55 1 55 5 5 5 1 1 1 55 55 5 5 5 11 1 5 11 11 5 5 1 1 1 1 55 11 1 11 5 1 5 55 5 1 55 55 1 1 1 55 11 
69 67
67 1 67 67 67 67 67 67 1 67 67 1 67 1 1 67 1 67 1 1 1 1 1 1 1 1 1 67 1 1 1 1 67 1 67 67 67 67 67 1 1 67 1 67 1 1 67 67 1 1 1 1 1 67 1 67 1 67 67 1 67 67 67 1 67 1 67 67 67 
64 82
2 41 82 41 1 41 41 82 82 2 2 41 2 2 82 1 82 1 82 2 82 1 1 2 1 41 1 2 1 1 2 1 1 82 82 2 2 2 1 41 82 41 82 41 82 82 2 41 2 41 2 41 41 41 2 1 1 1 2 41 2 41 2 41 
84 84
21 42 1 21 12 14 2 12 4 21 14 4 21 21 6 21 84 7 3 14 3 6 12 3 7 28 84 3 7 2 14 21 42 28 14 4 4 42 6 14 1 84 42 21 84 21 7 84 21 21 42 42 6 4 12 12 84 4 12 21 12 42 84 14 42 4 3 14 12 84 21 4 28 6 42 21 2 3 2 1 4 84 6 3