18
86 56
4 4 28 14 56 56 1 28 56 28 4 1 28 14 4 14 28 14 14 2 14 56 56 4 56 4 28 1 2 2 4 2 28 4 2 56 28 1 56 2 2 56 4 1 4 56 14 4 2 14 1 56 4 2 28 56 56 1 4 28 4 14 1 2 14 2 4 1 14 2 28 56 14 4 14 28 28 56 2 14 56 1 56 4 1 14 
51 90
45 3 6 18 45 1 2 18 1 1 2 6 45 30 3 30 5 1 3 6 2 1 30 6 1 45 90 30 90 45 2 1 30 90 6 3 1 1 30 5 5 90 2 15 6 6 3 2 15 5 1 
80 76
2 4 1 38 76 19 4 76 2 4 4 1 38 19 4 1 4 76 1 38 4 76 1 4 4 4 76 19 2 38 1 76 76 76 1 1 4 4 38 19 38 2 2 19 4 2 2 4 76 38 2 2 2 76 1 38 1 1 2 19 76 19 2 38 1 19 19 2 38 1 2 19 76 2 76 38 2 1 19 4 
77 75
3 3 25 15 5 75 1 15 1 3 5 15 5 1 15 75 25 75 15 1 1 15 1 1 3 3 75 75 3 15 5 5 3 25 1 25 75 75 25 1 75 5 75 25 15 3 15 1 1 1 75 15 5 25 15 25 75 3 5 1 75 75 5 5 15 1 5 1 25 25 25 3 15 1 25 25 5 
98 99
99 99 1 3 3 99 99 1 33 33 99 99 33 1 99 33 3 33 3 33 99 99 1 99 1 33 3 3 99 3 1 99 33 99 1 33 3 33 3 3 99 33 99 3 33 99 1 33 33 1 99 33 33 33 1 3 3 33 33 1 99 33 3 99 1 1 1 3 33 3 99 33 1 99 1 33 3 1 33 1 1 1 33 33 33 99 1 1 3 1 1 3 99 1 99 99 99 99 
59 80
80 20 2 16 40 40 16 5 20 16 16 40 40 40 1 16 16 16 5 2 80 1 80 5 80 1 4 1 2 2 40 4 2 80 80 5 1 20 80 20 4 20 80 2 4 2 80 80 40 2 80 4 40 16 20 4 20 4 4 
51 85
1 85 5 17 5 85 1 1 5 85 1 1 5 85 5 5 85 1 17 17 5 5 5 5 1 1 17 5 1 5 17 1 17 1 5 85 5 17 17 1 17 1 5 85 1 85 5 85 17 5 1 
53 54
6 27 3 1 27 54 2 6 6 3 2 9 27 9 6 2 1 18 2 2 3 27 18 2 1 9 3 6 54 3 1 3 54 3 3 3 6 9 6 3 1 6 27 1 2 27 27 18 27 9 6 1 9 
55 54
27 2 27 3 54 27 54 3 27 1 18 9 27 27 2 18 6 1 9 18 6 3 6 18 2 27 3 54 1 6 27 1 18 1 3 6 6 3 6 27 18 3 1 2 2 1 9 6 9 54 3 3 9 9 27 
94 89
1 1 1 89 1 1 1 1 89 1 89 89 89 1 1 1 89 89 1 89 89 1 89 89 1 1 89 1 1 89 89 89 1 1 89 1 89 1 89 89 89 1 1 1 89 1 89 89 89 89 1 1 1 1 1 89 1 1 89 89 89 1 89 89 89 1 1 1 1 1 1 89 1 1 89 89 89 1 1 1 89 1 89 89 89 1 89 1 1 1 1 89 89 1 
91 97
97 1 97 97 1 1 97 97 1 1 1 1 97 97 1 1 1 1 1 1 1 97 1 97 97 1 97 1 1 97 1 1 1 97 97 97 97 97 97 1 1 1 1 1 97 1 97 97 1 97 1 1 1 97 1 97 1 1 1 97 97 1 1 97 1 1 97 97 1 1 1 1 1 97 97 97 1 97 97 97 1 1 97 1 97 97 1 1 97 1 97 
83 89
1 89 89 1 89 1 1 89 1 89 89 89 1 89 1 1 89 89 89 89 1 89 1 1 1 89 89 89 1 89 89 1 1 89 89 89 1 89 89 89 1 89 1 89 1 1 89 1 89 89 89 1 89 1 89 1 1 89 89 89 1 89 1 89 1 1 1 89 1 89 1 89 1 1 1 89 89 89 89 89 89 89 89 
87 64
1 16 64 2 32 4 32 1 1 2 2 4 1 16 64 64 16 64 64 64 2 16 2 32 4 4 64 1 2 64 1 4 16 16 4 4 16 4 4 2 32 16 2 64 4 1 1 16 16 32 32 4 1 64 1 1 64 4 4 64 16 16 1 32 32 4 64 16 4 4 4 32 1 32 16 16 2 2 4 1 4 16 16 4 2 16 32 
53 60
1 3 15 15 15 3 4 5 2 12 10 20 12 15 10 60 3 10 30 20 15 60 30 15 20 6 10 20 3 10 1 60 15 15 5 5 4 1 12 6 4 12 3 30 30 20 60 6 6 2 10 2 4 
85 91
13 7 13 7 7 7 1 13 13 7 91 7 1 7 13 91 1 7 1 7 91 13 1 13 91 7 7 1 13 13 7 7 13 1 13 7 91 13 7 7 13 91 7 7 13 7 7 1 13 13 1 91 7 91 1 91 13 91 7 13 7 7 7 1 1 91 7 1 13 1 7 7 7 91 7 7 7 91 91 7 13 91 1 1 1 
55 51
1 3 17 3 51 51 1 3 1 3 1 17 3 51 51 3 3 17 1 51 1 3 51 17 1 1 1 17 51 51 51 51 1 51 1 17 3 17 3 3 3 17 17 51 1 1 3 3 3 3 17 17 3 51 17 
61 89
1 89 89 89 1 1 89 1 1 1 89 89 89 89 89 89 89 1 1 89 1 89 1 1 1 89 89 1 89 1 89 1 1 1 89 1 89 1 1 89 89 89 89 1 89 89 89 89 89 89 89 89 89 1 89 89 1 1 89 89 1 
88 88
22 11 88 8 8 1 22 22 2 4 8 2 11 4 11 4 1 88 11 4 1 44 4 1 2 4 4 8 1 8 4 44 88 8 88 8 11 4 22 8 4 8 88 88 2 22 4 4 4 88 2 44 1 44 11 11 22 88 22 88 88 2 4 44 1 44 1 22 8 4 1 8 22 88 4 2 2 88 4 44 8 1 4 88 2 11 2 8