19
53 97
1 1 1 97 1 97 1 97 1 97 97 1 97 97 1 1 1 97 97 97 1 97 1 97 1 1 1 1 1 97 97 1 97 97 97 1 1 1 1 1 97 97 1 97 97 1 97 97 97 1 97 1 97 
60 80
16 4 40 4 80 4 20 16 16 4 5 2 5 40 4 1 5 1 16 16 20 5 5 20 80 16 80 80 5 40 5 16 2 16 2 40 20 4 80 40 2 40 4 1 20 40 40 80 1 2 16 40 5 80 1 5 2 2 80 5 
60 56
56 56 28 56 2 2 14 2 28 28 14 14 14 28 2 2 2 14 1 4 14 4 4 1 2 2 14 14 14 4 4 4 56 56 14 4 28 4 56 14 28 2 4 2 28 2 28 2 14 28 56 28 28 14 1 2 28 28 4 1 
70 84
6 6 21 28 28 4 21 14 3 3 7 14 28 3 2 1 21 21 42 84 21 7 2 6 12 28 4 3 84 14 6 6 3 1 7 6 14 4 4 6 4 4 42 84 14 12 42 4 4 4 7 84 3 28 42 12 42 2 84 1 6 28 3 4 12 4 2 7 84 28 
64 96
1 2 12 8 8 48 8 48 24 2 6 12 8 3 1 6 1 2 3 12 12 3 3 1 2 24 2 1 24 3 12 32 8 3 96 4 6 2 48 48 8 12 16 3 16 2 8 8 32 6 96 8 48 4 12 48 4 48 1 3 2 3 24 32 
92 81
81 27 81 81 3 81 81 81 81 1 81 1 27 1 81 1 1 27 1 1 27 3 3 81 27 1 1 81 27 1 81 27 3 3 3 81 3 1 1 1 1 27 3 3 1 1 27 81 81 1 81 1 3 27 1 81 1 81 1 3 81 27 81 81 27 81 3 3 1 3 27 81 27 1 27 3 81 1 27 27 81 81 27 1 3 81 27 1 3 81 81 27 
90 85
85 5 17 17 85 1 1 1 1 5 5 17 1 85 17 1 1 1 17 17 5 1 85 17 1 1 1 5 17 1 17 85 5 17 5 85 5 1 1 17 1 1 5 1 85 1 85 5 5 1 17 1 17 17 5 5 1 5 5 17 17 17 17 5 85 85 5 5 17 1 5 1 85 85 17 85 1 5 17 5 1 5 17 1 17 1 85 85 5 1 
57 69
1 23 3 3 3 1 69 69 23 3 1 23 3 23 1 3 69 69 3 23 1 69 3 69 69 3 23 3 23 69 23 69 69 1 69 23 3 1 1 69 1 3 3 69 69 69 69 1 23 1 23 1 1 69 1 23 1 
88 98
7 49 1 1 49 98 1 14 2 49 7 1 14 7 49 49 98 1 14 14 14 7 1 7 2 2 7 49 2 98 7 1 1 1 1 1 7 2 49 1 1 1 98 98 2 2 7 49 2 2 7 7 7 98 49 2 98 1 98 14 2 49 1 98 49 49 14 2 98 2 98 2 7 1 7 14 7 2 49 2 98 1 49 14 2 7 7 2 
58 79
79 79 79 1 1 1 79 79 1 1 79 79 79 1 1 1 1 79 79 79 79 79 79 79 1 1 1 79 79 1 79 79 79 1 79 1 79 79 1 79 79 1 1 1 1 79 1 79 1 1 79 79 1 79 79 79 79 79 
61 97
97 1 1 97 1 97 1 1 1 97 1 1 1 97 1 97 97 97 97 97 1 1 1 1 97 97 1 1 1 1 97 97 97 1 97 1 97 97 97 1 97 97 97 97 1 1 97 1 1 1 97 1 97 1 97 97 1 1 97 97 1 
85 83
83 83 83 1 1 83 1 1 1 83 1 83 83 1 1 83 1 1 1 83 83 83 83 1 83 83 1 83 83 1 83 83 1 1 83 1 83 1 1 1 83 83 83 83 1 1 1 1 1 83 83 83 83 83 1 83 1 83 83 83 1 1 83 1 1 83 83 83 1 83 1 1 1 1 1 1 83 1 83 1 1 1 1 83 83 
63 67
67 1 67 67 67 67 67 1 1 1 67 67 1 1 1 1 1 1 67 1 1 67 1 1 67 1 67 67 1 1 67 67 1 1 1 1 67 67 67 67 1 1 67 1 1 67 1 67 1 67 67 1 67 1 67 67 67 1 67 1 1 67 67 
88 73
1 1 1 1 73 73 1 73 73 1 1 1 73 1 1 73 1 1 73 73 1 1 73 73 73 1 73 73 73 73 73 1 73 1 73 73 73 73 1 1 73 1 1 1 73 73 73 1 1 73 73 1 1 1 73 1 1 1 1 73 1 1 1 73 1 1 1 1 73 1 1 73 1 1 1 1 1 73 73 1 73 1 73 1 73 1 1 1 
91 54
2 1 27 2 54 6 6 1 27 54 2 18 54 18 18 27 54 1 54 6 9 6 18 6 9 1 6 1 3 3 54 54 54 2 1 6 9 1 3 1 27 6 6 3 54 3 54 6 27 2 9 6 18 9 6 1 1 6 6 6 6 6 3 2 2 3 6 3 6 18 27 2 2 27 18 1 27 2 6 54 18 2 9 6 54 6 9 9 2 9 18 
88 53
1 1 53 53 53 53 1 1 1 1 1 1 1 53 53 1 1 1 53 1 1 1 53 53 53 53 1 53 1 53 1 1 53 1 1 53 1 1 1 1 53 1 1 1 53 1 1 1 53 53 53 53 53 53 53 1 1 53 53 53 53 1 53 53 1 53 53 1 53 1 1 1 53 1 53 1 1 53 1 53 53 53 1 1 1 53 53 1 
93 70
35 10 5 70 70 70 10 10 70 2 2 10 70 14 10 70 14 35 2 10 2 5 70 10 2 2 14 14 1 2 5 70 2 5 5 5 35 2 2 2 5 10 2 7 10 2 35 2 1 70 5 2 35 70 2 1 7 35 35 35 10 2 10 2 14 1 14 10 7 5 70 14 2 1 5 10 1 7 14 5 7 2 1 1 35 70 10 35 14 14 1 5 2 
60 58
29 2 58 29 2 29 2 29 1 2 58 2 2 2 29 2 1 29 58 1 29 2 58 58 29 2 58 2 58 2 1 2 2 58 2 29 58 58 1 1 2 1 2 29 2 58 58 29 58 2 29 1 1 58 58 2 1 58 1 58 
93 94
47 47 2 1 2 47 2 47 1 2 47 94 1 94 2 47 1 2 47 2 1 47 47 47 47 94 1 2 47 1 47 94 1 94 94 1 2 94 94 47 47 94 1 94 2 1 1 1 2 47 1 47 2 94 94 1 2 1 47 2 1 94 94 2 47 2 2 94 47 1 47 47 2 47 2 47 47 94 94 2 94 1 1 2 1 2 47 2 1 47 47 94 94