37 235
13 9
10 12
6 16
1 17
2 13
8 7
26 21
19 21
12 29
30 15
5 24
24 31
33 23
14 10
8 23
2 1
18 9
25 14
9 31
8 4
7 22
4 5
25 13
27 17
19 16
1 5
26 35
24 8
27 26
23 10
4 24
37 28
20 9
33 35
11 24
16 24
26 8
29 11
33 25
24 2
14 4
1 14
7 22
7 3
13 28
22 12
8 14
9 12
13 21
31 37
8 5
19 33
14 11
24 18
8 25
11 29
21 33
13 2
31 25
19 34
3 29
35 11
33 19
23 7
3 8
16 6
18 21
23 14
34 21
11 33
26 22
33 20
26 15
14 21
7 14
16 25
10 3
8 6
37 22
14 28
14 15
24 17
29 4
3 15
1 30
12 36
30 34
3 21
20 33
29 19
32 29
31 11
9 36
33 9
21 14
16 1
20 25
21 16
31 28
15 20
27 23
8 36
35 37
37 33
20 4
25 20
31 6
16 24
33 11
3 25
35 31
18 5
1 15
18 36
18 29
23 11
14 7
26 1
23 17
20 10
29 11
5 24
15 22
4 25
17 16
8 15
14 16
26 21
22 30
23 28
13 13
27 13
8 24
13 28
6 35
34 27
6 10
26 28
2 19
31 33
27 21
31 1
23 35
4 7
13 20
7 14
37 24
23 3
29 32
10 25
30 13
19 12
37 17
31 21
36 18
3 22
30 37
17 28
9 29
3 36
14 37
37 19
34 26
3 35
29 15
12 27
22 17
29 12
23 7
33 15
37 24
12 36
33 28
1 23
34 7
37 19
28 29
31 8
22 17
30 12
15 31
9 31
24 3
29 1
13 18
34 11
29 12
6 18
6 23
15 24
18 11
9 20
13 26
14 17
5 25
28 5
4 13
3 13
33 33
16 37
11 13
19 31
6 17
32 33
32 36
25 16
22 20
14 34
5 4
35 35
15 19
18 6
28 9
6 6
8 15
15 34
28 14
31 10
4 4
4 34
36 17
29 1
30 19
15 7
29 11
33 30
19 37
30 29
30 27
28 13
18 8
28 8
20 33
13 33
31 23
