852
1 2
1 3
1 4
3 5
1 6
2 7
6 8
8 9
9 10
2 11
9 12
11 13
2 14
10 15
10 16
4 17
4 18
4 19
5 20
19 21
6 22
11 23
20 24
22 25
23 26
22 27
9 28
21 29
2 30
19 31
8 32
28 33
26 34
2 35
1 36
8 37
35 38
16 39
13 40
5 41
13 42
13 43
15 44
29 45
42 46
4 47
47 48
38 49
29 50
48 51
40 52
37 53
20 54
28 55
6 56
36 57
48 58
17 59
42 60
34 61
52 62
6 63
55 64
62 65
39 66
11 67
48 68
51 69
45 70
70 71
60 72
23 73
16 74
12 75
43 76
50 77
41 78
76 79
16 80
49 81
25 82
79 83
52 84
53 85
43 86
43 87
63 88
41 89
86 90
80 91
88 92
83 93
93 94
74 95
59 96
1 97
55 98
56 99
58 100
36 101
22 102
76 103
63 104
18 105
16 106
65 107
24 108
96 109
21 110
107 111
35 112
109 113
112 114
41 115
89 116
1 117
83 118
51 119
87 120
2 121
65 122
8 123
50 124
99 125
26 126
11 127
106 128
71 129
20 130
120 131
127 132
14 133
25 134
118 135
31 136
121 137
42 138
131 139
26 140
72 141
61 142
129 143
130 144
46 145
98 146
91 147
52 148
16 149
112 150
130 151
136 152
69 153
19 154
110 155
70 156
131 157
74 158
15 159
41 160
3 161
89 162
47 163
5 164
54 165
42 166
66 167
48 168
8 169
101 170
130 171
38 172
40 173
145 174
67 175
173 176
83 177
162 178
162 179
107 180
106 181
75 182
153 183
136 184
163 185
88 186
148 187
32 188
184 189
136 190
39 191
82 192
22 193
86 194
138 195
110 196
18 197
41 198
11 199
146 200
173 201
21 202
88 203
42 204
189 205
51 206
148 207
131 208
23 209
152 210
84 211
82 212
119 213
181 214
127 215
84 216
126 217
38 218
1 219
26 220
108 221
3 222
177 223
193 224
188 225
136 226
159 227
163 228
190 229
69 230
198 231
162 232
70 233
15 234
187 235
134 236
90 237
115 238
44 239
7 240
102 241
128 242
229 243
141 244
135 245
127 246
132 247
117 248
242 249
60 250
232 251
133 252
78 253
29 254
188 255
234 256
55 257
32 258
10 259
247 260
103 261
53 262
136 263
263 264
247 265
55 266
180 267
161 268
4 269
127 270
5 271
52 272
100 273
46 274
65 275
31 276
7 277
103 278
52 279
175 280
144 281
203 282
132 283
149 284
279 285
204 286
264 287
184 288
59 289
219 290
271 291
262 292
130 293
214 294
280 295
168 296
20 297
215 298
227 299
195 300
87 301
82 302
27 303
99 304
36 305
105 306
84 307
233 308
7 309
266 310
200 311
196 312
292 313
138 314
198 315
250 316
124 317
228 318
47 319
288 320
314 321
301 322
159 323
147 324
85 325
67 326
145 327
93 328
19 329
193 330
175 331
297 332
282 333
302 334
9 335
148 336
183 337
326 338
167 339
160 340
324 341
202 342
162 343
201 344
175 345
218 346
131 347
113 348
180 349
22 350
218 351
336 352
140 353
346 354
298 355
319 356
213 357
23 358
248 359
61 360
304 361
314 362
308 363
26 364
333 365
64 366
317 367
243 368
33 369
54 370
116 371
69 372
254 373
220 374
304 375
85 376
307 377
45 378
98 379
371 380
200 381
293 382
266 383
326 384
280 385
36 386
219 387
277 388
194 389
217 390
233 391
38 392
376 393
365 394
109 395
391 396
324 397
248 398
182 399
216 400
27 401
388 402
203 403
320 404
343 405
96 406
147 407
251 408
126 409
8 410
225 411
324 412
372 413
45 414
24 415
412 416
83 417
143 418
414 419
5 420
21 421
124 422
234 423
315 424
74 425
207 426
249 427
58 428
19 429
21 430
263 431
27 432
386 433
178 434
138 435
115 436
348 437
123 438
244 439
389 440
74 441
37 442
218 443
373 444
391 445
261 446
427 447
27 448
314 449
301 450
147 451
191 452
324 453
276 454
183 455
168 456
447 457
82 458
32 459
155 460
345 461
237 462
250 463
230 464
60 465
309 466
32 467
436 468
464 469
397 470
209 471
282 472
1 473
109 474
423 475
453 476
299 477
266 478
217 479
16 480
96 481
230 482
409 483
339 484
179 485
259 486
190 487
146 488
157 489
271 490
373 491
101 492
455 493
176 494
450 495
350 496
230 497
283 498
416 499
243 500
427 501
98 502
321 503
49 504
215 505
71 506
302 507
35 508
152 509
350 510
410 511
432 512
226 513
5 514
500 515
56 516
446 517
346 518
355 519
107 520
412 521
284 522
157 523
379 524
153 525
147 526
313 527
228 528
122 529
392 530
124 531
399 532
29 533
422 534
448 535
85 536
332 537
381 538
45 539
258 540
99 541
12 542
274 543
488 544
441 545
300 546
154 547
219 548
439 549
346 550
370 551
322 552
194 553
522 554
282 555
395 556
394 557
484 558
329 559
167 560
519 561
213 562
87 563
442 564
198 565
378 566
364 567
338 568
234 569
138 570
461 571
443 572
431 573
310 574
6 575
548 576
182 577
179 578
469 579
195 580
427 581
406 582
258 583
365 584
222 585
185 586
556 587
415 588
198 589
43 590
109 591
263 592
107 593
474 594
363 595
417 596
407 597
129 598
10 599
85 600
201 601
578 602
516 603
213 604
311 605
453 606
154 607
339 608
599 609
51 610
332 611
312 612
59 613
578 614
245 615
291 616
158 617
280 618
257 619
42 620
34 621
183 622
199 623
598 624
554 625
523 626
562 627
139 628
481 629
112 630
557 631
189 632
44 633
306 634
190 635
551 636
547 637
31 638
367 639
607 640
429 641
401 642
442 643
126 644
324 645
81 646
2 647
306 648
561 649
255 650
54 651
484 652
34 653
550 654
557 655
509 656
620 657
548 658
323 659
398 660
485 661
266 662
200 663
463 664
301 665
444 666
267 667
417 668
393 669
630 670
500 671
74 672
652 673
602 674
588 675
422 676
587 677
669 678
247 679
89 680
502 681
363 682
566 683
526 684
273 685
589 686
612 687
135 688
317 689
495 690
175 691
598 692
14 693
25 694
483 695
255 696
26 697
530 698
396 699
444 700
466 701
403 702
587 703
154 704
41 705
186 706
184 707
222 708
288 709
25 710
116 711
700 712
116 713
471 714
223 715
197 716
46 717
490 718
628 719
130 720
663 721
667 722
105 723
389 724
410 725
598 726
117 727
520 728
86 729
201 730
307 731
654 732
436 733
318 734
612 735
191 736
683 737
24 738
134 739
452 740
317 741
379 742
406 743
354 744
394 745
714 746
424 747
661 748
698 749
693 750
52 751
32 752
1 753
388 754
291 755
62 756
174 757
645 758
267 759
172 760
126 761
716 762
313 763
429 764
627 765
520 766
94 767
722 768
517 769
428 770
101 771
241 772
247 773
32 774
170 775
196 776
36 777
207 778
264 779
717 780
347 781
536 782
49 783
717 784
574 785
699 786
206 787
328 788
424 789
153 790
78 791
766 792
566 793
708 794
765 795
139 796
388 797
507 798
751 799
296 800
88 801
752 802
717 803
89 804
245 805
196 806
128 807
679 808
160 809
380 810
570 811
500 812
169 813
86 814
759 815
236 816
516 817
742 818
549 819
123 820
431 821
166 822
507 823
699 824
763 825
354 826
555 827
186 828
376 829
522 830
354 831
828 832
592 833
172 834
276 835
489 836
33 837
229 838
418 839
176 840
746 841
678 842
578 843
733 844
164 845
504 846
322 847
365 848
45 849
780 850
667 851
602 852
1 2
1 3
2 4
4 5
1 6
3 7
6 8
1 9
2 10
10 11
1 12
12 13
11 14
3 15
4 16
12 17
4 18
8 19
16 20
17 21
8 22
13 23
17 24
21 25
25 26
20 27
14 28
19 29
24 30
20 31
20 32
18 33
15 34
26 35
24 36
17 37
32 38
27 39
23 40
11 41
32 42
10 43
21 44
38 45
10 46
32 47
13 48
12 49
47 50
39 51
51 52
32 53
10 54
10 55
50 56
10 57
57 58
21 59
14 60
24 61
59 62
43 63
54 64
61 65
61 66
28 67
31 68
6 69
49 70
23 71
35 72
26 73
69 74
44 75
23 76
51 77
26 78
24 79
2 80
28 81
37 82
71 83
43 84
75 85
19 86
52 87
65 88
30 89
55 90
62 91
35 92
5 93
76 94
23 95
39 96
73 97
84 98
92 99
51 100
86 101
46 102
61 103
67 104
51 105
46 106
43 107
88 108
87 109
106 110
97 111
1 112
26 113
88 114
111 115
92 116
94 117
43 118
45 119
72 120
76 121
12 122
69 123
9 124
93 125
3 126
72 127
95 128
105 129
69 130
90 131
1 132
41 133
89 134
34 135
25 136
41 137
120 138
121 139
53 140
21 141
120 142
41 143
43 144
120 145
11 146
101 147
97 148
118 149
50 150
123 151
151 152
143 153
13 154
62 155
73 156
25 157
127 158
120 159
68 160
148 161
87 162
18 163
153 164
151 165
28 166
137 167
113 168
106 169
19 170
10 171
98 172
81 173
84 174
61 175
22 176
122 177
130 178
40 179
163 180
45 181
24 182
175 183
77 184
139 185
36 186
43 187
126 188
19 189
68 190
79 191
76 192
178 193
52 194
164 195
93 196
111 197
139 198
161 199
45 200
75 201
78 202
119 203
128 204
183 205
188 206
73 207
91 208
105 209
90 210
24 211
62 212
134 213
143 214
21 215
69 216
17 217
165 218
13 219
93 220
112 221
145 222
195 223
109 224
161 225
25 226
178 227
215 228
17 229
30 230
147 231
74 232
104 233
14 234
212 235
181 236
119 237
33 238
115 239
151 240
42 241
184 242
92 243
174 244
162 245
243 246
54 247
233 248
18 249
201 250
207 251
79 252
120 253
32 254
119 255
62 256
97 257
125 258
69 259
163 260
225 261
172 262
94 263
223 264
19 265
26 266
125 267
256 268
4 269
237 270
152 271
179 272
210 273
162 274
45 275
272 276
229 277
66 278
125 279
95 280
71 281
173 282
261 283
210 284
88 285
187 286
139 287
159 288
203 289
239 290
243 291
119 292
216 293
11 294
12 295
249 296
116 297
256 298
251 299
4 300
167 301
148 302
10 303
148 304
87 305
215 306
206 307
206 308
29 309
32 310
243 311
305 312
91 313
7 314
128 315
150 316
60 317
253 318
147 319
235 320
252 321
65 322
303 323
56 324
191 325
314 326
23 327
273 328
246 329
321 330
258 331
131 332
198 333
172 334
217 335
50 336
149 337
198 338
239 339
213 340
210 341
250 342
212 343
112 344
80 345
140 346
179 347
26 348
20 349
328 350
159 351
137 352
321 353
263 354
282 355
350 356
44 357
14 358
322 359
47 360
69 361
210 362
51 363
16 364
278 365
35 366
228 367
170 368
109 369
266 370
211 371
109 372
265 373
252 374
145 375
358 376
261 377
196 378
216 379
37 380
285 381
193 382
263 383
113 384
359 385
146 386
122 387
385 388
235 389
313 390
139 391
63 392
188 393
392 394
153 395
383 396
164 397
313 398
314 399
246 400
58 401
239 402
76 403
201 404
133 405
83 406
108 407
151 408
285 409
237 410
339 411
281 412
258 413
364 414
372 415
236 416
190 417
342 418
65 419
327 420
85 421
115 422
378 423
218 424
220 425
91 426
253 427
240 428
1 429
411 430
311 431
416 432
320 433
185 434
238 435
414 436
119 437
42 438
427 439
421 440
108 441
408 442
371 443
244 444
262 445
245 446
36 447
328 448
20 449
335 450
25 451
431 452
117 453
213 454
109 455
318 456
49 457
291 458
416 459
62 460
254 461
71 462
398 463
294 464
143 465
162 466
127 467
155 468
165 469
176 470
37 471
248 472
113 473
166 474
106 475
13 476
354 477
69 478
474 479
347 480
209 481
99 482
62 483
175 484
34 485
335 486
403 487
142 488
358 489
48 490
114 491
37 492
249 493
36 494
437 495
464 496
57 497
220 498
47 499
385 500
2 501
168 502
434 503
65 504
324 505
441 506
36 507
93 508
400 509
108 510
510 511
424 512
433 513
173 514
401 515
123 516
448 517
35 518
138 519
172 520
105 521
442 522
270 523
270 524
169 525
487 526
183 527
161 528
162 529
490 530
406 531
19 532
59 533
371 534
513 535
349 536
293 537
237 538
271 539
346 540
526 541
371 542
338 543
18 544
234 545
515 546
305 547
399 548
446 549
287 550
131 551
283 552
321 553
531 554
477 555
263 556
358 557
514 558
254 559
524 560
179 561
261 562
290 563
229 564
80 565
476 566
299 567
518 568
242 569
31 570
524 571
154 572
386 573
541 574
26 575
437 576
396 577
424 578
176 579
548 580
278 581
568 582
422 583
221 584
73 585
449 586
400 587
288 588
500 589
17 590
74 591
438 592
160 593
336 594
272 595
574 596
4 597
548 598
135 599
314 600
124 601
502 602
530 603
412 604
562 605
86 606
191 607
76 608
355 609
586 610
136 611
249 612
106 613
574 614
237 615
275 616
463 617
290 618
413 619
312 620
161 621
266 622
371 623
236 624
213 625
449 626
143 627
309 628
136 629
269 630
263 631
508 632
360 633
429 634
531 635
535 636
446 637
47 638
353 639
639 640
134 641
627 642
194 643
139 644
462 645
442 646
431 647
405 648
29 649
43 650
457 651
97 652
218 653
185 654
476 655
193 656
48 657
134 658
566 659
472 660
193 661
188 662
465 663
321 664
101 665
465 666
666 667
418 668
139 669
635 670
306 671
67 672
489 673
639 674
591 675
26 676
179 677
205 678
448 679
211 680
275 681
249 682
276 683
53 684
657 685
533 686
474 687
120 688
60 689
629 690
116 691
3 692
98 693
302 694
460 695
407 696
604 697
544 698
306 699
131 700
453 701
65 702
50 703
611 704
559 705
471 706
631 707
297 708
50 709
34 710
268 711
640 712
640 713
636 714
313 715
564 716
43 717
326 718
51 719
531 720
588 721
74 722
451 723
472 724
620 725
683 726
196 727
48 728
414 729
147 730
347 731
210 732
603 733
466 734
9 735
197 736
338 737
727 738
256 739
579 740
318 741
340 742
660 743
482 744
82 745
658 746
214 747
576 748
343 749
26 750
151 751
719 752
328 753
319 754
128 755
623 756
88 757
532 758
91 759
272 760
700 761
413 762
110 763
139 764
286 765
453 766
324 767
277 768
216 769
712 770
325 771
286 772
719 773
96 774
488 775
74 776
1 777
190 778
204 779
168 780
404 781
263 782
484 783
394 784
596 785
473 786
561 787
663 788
539 789
325 790
409 791
509 792
143 793
649 794
540 795
361 796
513 797
288 798
397 799
699 800
569 801
195 802
508 803
457 804
526 805
587 806
122 807
26 808
794 809
418 810
162 811
591 812
784 813
396 814
465 815
342 816
766 817
238 818
5 819
333 820
260 821
146 822
663 823
35 824
621 825
823 826
136 827
131 828
570 829
192 830
567 831
223 832
182 833
691 834
133 835
383 836
567 837
50 838
62 839
606 840
408 841
741 842
827 843
98 844
253 845
447 846
486 847
72 848
531 849
501 850
354 851
693 852