984
1 2
2 3
1 4
2 5
4 6
2 7
7 8
3 9
3 10
8 11
7 12
10 13
13 14
11 15
2 16
3 17
7 18
5 19
17 20
16 21
2 22
6 23
12 24
18 25
19 26
18 27
25 28
21 29
10 30
13 31
15 32
8 33
16 34
21 35
34 36
18 37
8 38
38 39
15 40
26 41
2 42
14 43
32 44
29 45
6 46
1 47
35 48
14 49
41 50
5 51
37 52
47 53
3 54
20 55
51 56
29 57
41 58
32 59
35 60
45 61
9 62
59 63
10 64
51 65
42 66
62 67
15 68
33 69
48 70
8 71
46 72
40 73
21 74
59 75
17 76
31 77
53 78
48 79
76 80
68 81
42 82
60 83
5 84
43 85
33 86
49 87
25 88
73 89
59 90
18 91
30 92
24 93
12 94
89 95
54 96
10 97
41 98
89 99
57 100
75 101
47 102
31 103
45 104
52 105
85 106
20 107
81 108
3 109
40 110
58 111
45 112
88 113
70 114
55 115
1 116
87 117
16 118
105 119
27 120
97 121
92 122
101 123
103 124
47 125
57 126
64 127
6 128
118 129
21 130
1 131
16 132
3 133
77 134
101 135
61 136
41 137
10 138
121 139
81 140
10 141
91 142
31 143
76 144
5 145
50 146
7 147
102 148
77 149
69 150
79 151
23 152
99 153
6 154
84 155
24 156
152 157
13 158
74 159
59 160
126 161
29 162
105 163
22 164
36 165
29 166
1 167
126 168
167 169
88 170
45 171
93 172
91 173
130 174
29 175
173 176
5 177
119 178
110 179
101 180
155 181
36 182
49 183
175 184
119 185
166 186
43 187
173 188
126 189
105 190
6 191
58 192
9 193
8 194
79 195
1 196
187 197
123 198
89 199
14 200
187 201
157 202
173 203
145 204
193 205
49 206
74 207
73 208
112 209
177 210
87 211
204 212
152 213
142 214
173 215
212 216
49 217
11 218
152 219
125 220
131 221
58 222
102 223
117 224
58 225
158 226
28 227
61 228
172 229
86 230
177 231
2 232
141 233
42 234
81 235
63 236
190 237
158 238
184 239
14 240
12 241
174 242
69 243
166 244
30 245
32 246
50 247
65 248
168 249
96 250
32 251
13 252
202 253
233 254
57 255
106 256
18 257
62 258
120 259
159 260
213 261
166 262
118 263
204 264
171 265
149 266
77 267
140 268
192 269
205 270
40 271
92 272
195 273
110 274
246 275
72 276
108 277
221 278
206 279
26 280
146 281
125 282
130 283
270 284
232 285
278 286
136 287
269 288
269 289
9 290
10 291
164 292
279 293
27 294
97 295
188 296
226 297
221 298
63 299
104 300
248 301
246 302
46 303
126 304
132 305
301 306
250 307
274 308
163 309
47 310
128 311
103 312
242 313
37 314
199 315
242 316
189 317
245 318
139 319
121 320
28 321
151 322
150 323
167 324
323 325
277 326
231 327
148 328
224 329
196 330
279 331
323 332
47 333
4 334
334 335
325 336
275 337
28 338
205 339
212 340
130 341
179 342
52 343
338 344
249 345
89 346
280 347
1 348
61 349
34 350
299 351
350 352
305 353
26 354
81 355
239 356
289 357
41 358
161 359
323 360
42 361
138 362
265 363
208 364
186 365
143 366
168 367
100 368
361 369
118 370
134 371
119 372
302 373
23 374
18 375
206 376
211 377
349 378
231 379
68 380
88 381
200 382
86 383
214 384
184 385
81 386
386 387
385 388
337 389
241 390
72 391
21 392
359 393
116 394
359 395
156 396
354 397
231 398
386 399
333 400
86 401
217 402
203 403
380 404
181 405
294 406
108 407
326 408
334 409
349 410
409 411
407 412
276 413
126 414
196 415
28 416
202 417
385 418
257 419
261 420
229 421
70 422
349 423
414 424
68 425
202 426
294 427
345 428
53 429
402 430
112 431
254 432
17 433
81 434
288 435
168 436
153 437
293 438
366 439
393 440
69 441
180 442
198 443
237 444
251 445
410 446
251 447
35 448
383 449
270 450
309 451
134 452
40 453
401 454
77 455
407 456
276 457
200 458
399 459
403 460
231 461
233 462
428 463
446 464
372 465
382 466
449 467
251 468
279 469
380 470
343 471
215 472
251 473
73 474
252 475
206 476
138 477
93 478
457 479
263 480
406 481
137 482
32 483
101 484
38 485
151 486
126 487
393 488
209 489
392 490
20 491
455 492
127 493
22 494
417 495
26 496
349 497
179 498
477 499
369 500
356 501
94 502
471 503
221 504
103 505
486 506
7 507
77 508
30 509
54 510
493 511
361 512
362 513
331 514
319 515
502 516
286 517
266 518
308 519
249 520
358 521
402 522
269 523
72 524
271 525
75 526
27 527
223 528
161 529
217 530
482 531
261 532
178 533
522 534
97 535
54 536
22 537
314 538
173 539
449 540
75 541
390 542
80 543
95 544
77 545
285 546
79 547
328 548
10 549
217 550
440 551
284 552
536 553
235 554
376 555
193 556
522 557
111 558
265 559
522 560
429 561
510 562
546 563
26 564
309 565
509 566
69 567
30 568
43 569
35 570
281 571
108 572
438 573
338 574
401 575
445 576
480 577
497 578
569 579
572 580
153 581
183 582
378 583
132 584
379 585
149 586
347 587
378 588
50 589
236 590
391 591
243 592
371 593
150 594
270 595
540 596
437 597
338 598
266 599
274 600
229 601
367 602
556 603
375 604
67 605
180 606
39 607
124 608
551 609
527 610
150 611
80 612
440 613
486 614
454 615
447 616
139 617
356 618
124 619
395 620
252 621
352 622
18 623
360 624
337 625
522 626
213 627
185 628
364 629
376 630
459 631
392 632
385 633
216 634
385 635
609 636
517 637
143 638
292 639
52 640
338 641
497 642
410 643
312 644
356 645
562 646
20 647
2 648
122 649
330 650
605 651
97 652
535 653
14 654
115 655
444 656
501 657
548 658
178 659
241 660
344 661
7 662
50 663
36 664
33 665
463 666
292 667
272 668
315 669
660 670
584 671
276 672
154 673
177 674
58 675
385 676
241 677
638 678
357 679
526 680
101 681
351 682
452 683
537 684
605 685
197 686
390 687
407 688
430 689
346 690
87 691
675 692
304 693
536 694
44 695
412 696
419 697
136 698
689 699
373 700
682 701
138 702
67 703
630 704
652 705
398 706
570 707
569 708
199 709
161 710
322 711
410 712
636 713
321 714
405 715
370 716
121 717
562 718
466 719
3 720
619 721
70 722
660 723
193 724
32 725
560 726
623 727
93 728
629 729
440 730
712 731
210 732
131 733
677 734
118 735
289 736
65 737
174 738
222 739
300 740
469 741
427 742
145 743
308 744
388 745
256 746
484 747
292 748
93 749
584 750
698 751
750 752
179 753
127 754
525 755
748 756
206 757
29 758
656 759
432 760
746 761
335 762
441 763
471 764
611 765
615 766
13 767
751 768
225 769
213 770
124 771
224 772
629 773
637 774
543 775
106 776
579 777
727 778
264 779
121 780
489 781
559 782
486 783
391 784
475 785
295 786
719 787
502 788
30 789
772 790
396 791
319 792
348 793
537 794
771 795
785 796
88 797
181 798
321 799
396 800
647 801
1 802
763 803
326 804
667 805
579 806
383 807
14 808
156 809
330 810
195 811
550 812
161 813
72 814
737 815
333 816
185 817
506 818
589 819
34 820
498 821
374 822
72 823
387 824
140 825
449 826
300 827
338 828
467 829
731 830
445 831
287 832
153 833
331 834
681 835
678 836
144 837
366 838
574 839
320 840
30 841
526 842
594 843
729 844
713 845
807 846
179 847
537 848
551 849
501 850
641 851
395 852
523 853
228 854
77 855
189 856
56 857
292 858
485 859
345 860
128 861
731 862
803 863
601 864
117 865
614 866
647 867
842 868
18 869
327 870
87 871
538 872
356 873
810 874
321 875
93 876
682 877
112 878
805 879
724 880
139 881
873 882
881 883
154 884
3 885
797 886
770 887
652 888
826 889
265 890
664 891
244 892
397 893
309 894
47 895
743 896
234 897
492 898
374 899
872 900
124 901
20 902
84 903
139 904
813 905
242 906
368 907
35 908
531 909
335 910
112 911
248 912
589 913
180 914
453 915
487 916
857 917
888 918
737 919
337 920
663 921
84 922
877 923
167 924
496 925
137 926
376 927
908 928
213 929
346 930
377 931
356 932
514 933
482 934
200 935
522 936
375 937
291 938
797 939
111 940
159 941
818 942
360 943
772 944
342 945
644 946
927 947
870 948
652 949
225 950
785 951
295 952
742 953
240 954
300 955
691 956
118 957
653 958
142 959
323 960
741 961
175 962
192 963
439 964
618 965
550 966
611 967
309 968
343 969
232 970
842 971
406 972
415 973
253 974
689 975
652 976
718 977
778 978
457 979
385 980
837 981
112 982
804 983
510 984
1 2
1 3
1 4
3 5
5 6
5 7
1 8
6 9
9 10
4 11
10 12
2 13
9 14
5 15
14 16
15 17
1 18
1 19
12 20
8 21
5 22
17 23
7 24
21 25
17 26
8 27
18 28
16 29
11 30
6 31
15 32
12 33
32 34
13 35
16 36
29 37
13 38
17 39
24 40
4 41
35 42
42 43
22 44
21 45
45 46
18 47
41 48
40 49
5 50
45 51
39 52
39 53
35 54
36 55
31 56
28 57
23 58
51 59
16 60
7 61
27 62
21 63
14 64
51 65
4 66
12 67
60 68
43 69
56 70
42 71
48 72
18 73
9 74
46 75
50 76
54 77
40 78
18 79
18 80
41 81
17 82
41 83
33 84
72 85
6 86
26 87
45 88
8 89
62 90
16 91
50 92
88 93
51 94
39 95
90 96
1 97
63 98
38 99
79 100
4 101
5 102
26 103
16 104
96 105
30 106
86 107
104 108
58 109
84 110
100 111
25 112
17 113
49 114
52 115
110 116
88 117
81 118
43 119
95 120
116 121
73 122
59 123
92 124
120 125
59 126
33 127
89 128
106 129
114 130
33 131
13 132
90 133
15 134
49 135
54 136
105 137
76 138
16 139
19 140
15 141
41 142
101 143
129 144
76 145
81 146
26 147
11 148
36 149
111 150
35 151
83 152
146 153
100 154
140 155
100 156
44 157
28 158
81 159
119 160
28 161
125 162
75 163
63 164
40 165
20 166
10 167
165 168
59 169
83 170
89 171
142 172
117 173
67 174
68 175
139 176
92 177
30 178
98 179
49 180
133 181
172 182
146 183
59 184
100 185
67 186
49 187
44 188
37 189
97 190
99 191
35 192
66 193
42 194
137 195
176 196
72 197
136 198
5 199
42 200
120 201
78 202
133 203
84 204
41 205
49 206
78 207
9 208
166 209
145 210
146 211
147 212
203 213
6 214
44 215
199 216
98 217
151 218
100 219
70 220
169 221
17 222
98 223
170 224
102 225
56 226
84 227
94 228
130 229
11 230
157 231
121 232
216 233
152 234
43 235
98 236
44 237
169 238
81 239
186 240
137 241
162 242
226 243
193 244
74 245
157 246
246 247
230 248
20 249
225 250
123 251
104 252
126 253
128 254
30 255
75 256
98 257
173 258
92 259
174 260
147 261
177 262
183 263
165 264
76 265
149 266
198 267
59 268
140 269
10 270
199 271
57 272
29 273
261 274
144 275
38 276
65 277
191 278
75 279
66 280
86 281
206 282
101 283
268 284
211 285
52 286
110 287
115 288
138 289
283 290
199 291
214 292
216 293
237 294
57 295
209 296
21 297
271 298
149 299
118 300
215 301
119 302
275 303
15 304
89 305
250 306
110 307
224 308
180 309
292 310
212 311
200 312
284 313
19 314
81 315
20 316
109 317
197 318
181 319
42 320
36 321
275 322
177 323
305 324
30 325
310 326
30 327
226 328
242 329
269 330
305 331
140 332
79 333
17 334
59 335
326 336
24 337
326 338
119 339
11 340
230 341
121 342
288 343
147 344
186 345
235 346
318 347
320 348
326 349
116 350
61 351
205 352
81 353
102 354
172 355
320 356
339 357
341 358
291 359
200 360
175 361
244 362
146 363
227 364
313 365
275 366
322 367
314 368
75 369
79 370
277 371
136 372
115 373
306 374
303 375
117 376
299 377
326 378
43 379
306 380
101 381
306 382
177 383
49 384
26 385
223 386
231 387
377 388
69 389
255 390
35 391
223 392
33 393
358 394
236 395
227 396
267 397
89 398
103 399
118 400
390 401
327 402
78 403
251 404
203 405
27 406
138 407
290 408
205 409
232 410
382 411
134 412
3 413
257 414
262 415
105 416
103 417
194 418
372 419
281 420
292 421
327 422
98 423
85 424
111 425
16 426
176 427
205 428
268 429
234 430
143 431
36 432
3 433
383 434
390 435
178 436
320 437
118 438
357 439
436 440
212 441
412 442
409 443
424 444
5 445
200 446
226 447
236 448
178 449
114 450
240 451
70 452
192 453
104 454
141 455
23 456
311 457
56 458
320 459
59 460
365 461
334 462
213 463
227 464
93 465
75 466
56 467
342 468
38 469
357 470
203 471
40 472
76 473
155 474
348 475
189 476
16 477
39 478
379 479
208 480
51 481
185 482
56 483
155 484
368 485
325 486
260 487
429 488
130 489
409 490
53 491
139 492
47 493
342 494
246 495
456 496
232 497
11 498
182 499
359 500
453 501
409 502
327 503
91 504
376 505
284 506
222 507
287 508
283 509
390 510
416 511
14 512
100 513
344 514
387 515
91 516
348 517
63 518
171 519
469 520
132 521
146 522
178 523
454 524
143 525
470 526
14 527
99 528
180 529
121 530
526 531
188 532
254 533
482 534
60 535
286 536
317 537
59 538
527 539
110 540
273 541
333 542
142 543
103 544
111 545
469 546
331 547
94 548
75 549
96 550
229 551
60 552
460 553
397 554
526 555
447 556
551 557
44 558
271 559
491 560
322 561
233 562
285 563
121 564
285 565
409 566
203 567
76 568
266 569
154 570
274 571
209 572
241 573
12 574
53 575
253 576
308 577
359 578
147 579
204 580
284 581
175 582
58 583
88 584
96 585
51 586
127 587
463 588
403 589
280 590
100 591
521 592
347 593
289 594
111 595
548 596
513 597
297 598
520 599
376 600
243 601
150 602
466 603
242 604
290 605
566 606
185 607
84 608
172 609
541 610
395 611
8 612
276 613
541 614
583 615
9 616
414 617
613 618
357 619
87 620
307 621
617 622
297 623
101 624
41 625
417 626
440 627
80 628
617 629
326 630
540 631
212 632
293 633
131 634
394 635
601 636
403 637
350 638
433 639
477 640
234 641
528 642
89 643
207 644
134 645
396 646
235 647
339 648
471 649
338 650
532 651
38 652
535 653
572 654
184 655
521 656
488 657
18 658
647 659
178 660
308 661
605 662
632 663
123 664
318 665
476 666
535 667
273 668
456 669
248 670
354 671
502 672
205 673
528 674
35 675
660 676
390 677
381 678
468 679
134 680
551 681
517 682
15 683
495 684
684 685
209 686
628 687
354 688
141 689
352 690
494 691
200 692
330 693
407 694
591 695
522 696
442 697
321 698
87 699
435 700
556 701
235 702
353 703
409 704
636 705
403 706
227 707
416 708
311 709
191 710
578 711
236 712
431 713
104 714
401 715
608 716
95 717
658 718
695 719
523 720
547 721
258 722
697 723
380 724
216 725
282 726
22 727
698 728
548 729
599 730
70 731
214 732
378 733
483 734
373 735
57 736
619 737
583 738
130 739
536 740
250 741
306 742
469 743
581 744
175 745
599 746
65 747
469 748
690 749
563 750
41 751
118 752
240 753
698 754
496 755
44 756
63 757
110 758
158 759
322 760
341 761
321 762
454 763
259 764
11 765
117 766
423 767
332 768
120 769
96 770
566 771
736 772
621 773
357 774
531 775
742 776
226 777
170 778
156 779
607 780
405 781
197 782
711 783
780 784
546 785
513 786
675 787
121 788
579 789
210 790
466 791
646 792
701 793
290 794
77 795
159 796
634 797
35 798
12 799
219 800
8 801
53 802
261 803
27 804
789 805
537 806
448 807
526 808
40 809
669 810
514 811
758 812
222 813
114 814
680 815
396 816
501 817
291 818
282 819
546 820
605 821
201 822
57 823
640 824
758 825
151 826
293 827
558 828
186 829
441 830
169 831
550 832
636 833
307 834
19 835
270 836
355 837
432 838
374 839
677 840
274 841
703 842
423 843
413 844
250 845
229 846
179 847
557 848
504 849
581 850
511 851
275 852
5 853
352 854
18 855
683 856
111 857
2 858
648 859
846 860
2 861
207 862
453 863
655 864
342 865
619 866
434 867
377 868
630 869
10 870
113 871
136 872
295 873
710 874
662 875
122 876
10 877
544 878
352 879
467 880
850 881
211 882
784 883
764 884
273 885
539 886
695 887
451 888
814 889
184 890
406 891
252 892
1 893
539 894
443 895
597 896
594 897
276 898
681 899
565 900
594 901
77 902
742 903
571 904
240 905
877 906
177 907
482 908
791 909
125 910
72 911
631 912
864 913
251 914
397 915
850 916
386 917
285 918
183 919
514 920
765 921
139 922
337 923
197 924
269 925
341 926
50 927
591 928
685 929
651 930
920 931
687 932
695 933
683 934
358 935
296 936
743 937
902 938
503 939
114 940
637 941
555 942
363 943
207 944
210 945
576 946
323 947
818 948
82 949
36 950
208 951
700 952
933 953
231 954
107 955
706 956
739 957
409 958
209 959
338 960
910 961
644 962
942 963
318 964
589 965
759 966
498 967
103 968
313 969
234 970
520 971
145 972
378 973
896 974
167 975
675 976
604 977
855 978
943 979
883 980
305 981
293 982
320 983
59 984