20
80 88
1 2 4 4 4 2 8 1 4 11 88 4 8 2 11 44 11 4 4 4 11 88 88 8 1 22 88 88 1 4 2 2 88 88 11 22 88 11 8 11 11 8 2 88 11 44 8 8 22 11 2 88 1 8 44 4 1 4 1 8 11 8 2 1 44 8 1 44 1 1 2 88 8 88 11 8 2 88 1 44 
63 98
49 7 7 49 98 7 7 98 49 49 7 49 14 2 1 98 14 98 49 14 1 7 98 7 49 2 49 49 98 14 2 1 98 98 14 2 7 2 49 7 49 2 7 49 1 7 7 49 98 14 7 98 14 1 14 49 98 14 14 14 49 2 2 
56 69
69 69 23 69 69 23 1 1 23 1 3 23 1 69 23 23 1 69 69 69 23 1 3 23 3 3 1 3 1 69 1 3 23 23 3 1 3 69 23 23 3 3 23 23 69 3 1 3 1 1 23 69 69 3 23 3 
52 92
46 1 1 1 1 46 23 4 1 92 23 23 2 2 2 1 4 2 46 4 2 1 4 92 46 23 4 92 46 46 46 46 46 46 23 2 4 2 92 2 4 1 2 23 4 46 4 23 4 4 92 1 
62 100
1 2 5 100 1 100 25 2 25 100 20 2 25 1 2 25 5 2 20 4 50 25 50 100 100 2 50 25 50 50 20 4 5 25 100 50 4 2 20 5 2 2 4 100 25 2 20 1 4 4 100 4 5 5 20 20 4 20 4 1 100 25 
100 78
3 39 78 78 1 26 26 3 3 3 1 26 26 6 78 78 39 6 26 26 2 3 6 6 39 39 6 13 26 6 13 3 2 13 2 6 2 13 6 78 78 26 39 2 78 1 78 13 1 78 26 13 1 39 3 1 26 2 2 26 6 2 78 6 3 39 6 13 3 78 39 2 2 6 39 6 6 26 2 6 39 78 13 78 13 26 26 2 1 39 39 39 39 13 6 78 13 6 26 26 
88 75
1 75 15 15 75 1 5 75 75 1 3 5 1 15 25 1 25 5 3 1 25 1 15 3 25 1 25 1 15 3 15 75 25 3 75 75 75 3 15 75 75 15 5 3 5 3 15 5 75 25 15 75 3 3 1 15 15 25 5 1 75 1 5 25 5 3 75 3 15 3 25 75 15 25 25 15 75 75 25 25 25 25 1 25 5 15 5 5 
52 72
36 12 4 3 1 36 2 12 72 6 4 3 36 1 6 2 24 6 2 12 12 4 24 4 1 36 1 18 24 3 3 1 72 24 18 1 36 6 2 24 12 4 72 4 4 24 1 4 24 2 2 72 
77 67
67 67 67 1 1 1 1 1 67 67 67 1 67 67 67 1 67 1 1 67 67 67 67 67 67 1 1 1 67 67 1 1 67 67 67 67 1 1 67 1 1 67 67 67 1 67 1 1 67 67 67 67 1 67 1 1 67 67 67 67 67 1 1 1 1 1 67 1 67 1 67 67 1 1 1 1 67 
79 83
1 1 83 1 83 83 1 83 1 83 83 83 83 83 83 1 83 1 1 83 1 83 83 83 83 83 1 1 1 83 83 1 1 1 1 1 1 83 1 1 1 1 83 83 83 1 1 1 1 83 83 1 83 83 1 83 1 1 83 1 1 1 83 1 1 83 83 83 1 83 83 83 83 83 83 1 83 83 83 
94 77
77 1 7 7 11 11 1 7 77 7 77 77 11 1 7 1 77 77 7 77 11 1 7 7 7 77 77 7 77 1 11 1 77 1 1 11 1 7 11 1 7 1 77 1 7 11 7 11 11 77 11 1 7 11 7 77 77 11 7 1 1 11 7 11 11 7 77 11 1 7 77 77 11 77 1 1 7 11 7 7 77 11 1 77 11 11 77 7 1 77 1 1 77 1 
65 82
41 41 1 41 2 1 2 41 2 41 1 2 2 2 1 41 2 2 82 82 82 82 41 1 41 2 1 41 82 2 82 41 82 2 82 41 2 41 2 1 41 1 1 82 1 41 1 82 41 1 2 2 2 82 82 2 2 82 82 2 41 1 1 2 2 
66 66
1 22 2 11 6 22 2 66 3 66 3 1 22 6 66 33 33 66 66 22 66 3 6 66 3 66 6 6 2 1 22 22 33 33 33 66 22 66 11 1 22 22 6 11 66 66 1 66 1 66 22 1 2 33 6 3 22 33 2 22 33 66 33 2 1 66 
89 65
1 13 65 1 5 13 13 13 1 65 65 13 5 1 13 65 65 13 65 13 5 65 1 13 1 65 1 5 13 5 13 5 13 65 13 13 5 65 1 5 1 5 1 13 1 5 13 1 65 5 1 5 13 65 1 1 1 13 5 5 65 65 65 13 13 1 13 13 13 13 5 65 65 5 13 1 5 65 65 5 1 13 65 65 65 13 65 5 5 
83 68
17 1 68 34 2 34 4 34 17 2 34 34 68 68 34 68 17 34 4 34 68 68 4 2 34 17 68 4 4 1 4 68 4 17 2 2 68 2 17 4 17 1 17 4 34 34 68 1 1 1 68 17 1 17 4 1 34 4 2 34 34 4 1 34 68 17 17 4 1 17 17 1 1 17 2 2 4 34 34 1 4 1 4 
99 80
1 1 5 20 20 1 5 40 16 1 20 4 5 40 5 5 40 5 16 1 1 1 4 16 40 4 80 16 40 1 16 20 16 20 1 16 1 40 1 20 20 20 20 16 16 40 20 40 1 1 20 2 2 40 4 20 20 5 4 40 1 5 4 20 80 2 4 5 80 16 16 2 80 16 4 80 40 16 2 5 20 4 40 1 20 80 2 16 40 80 2 20 80 40 4 5 16 4 1 
100 56
28 1 14 28 14 2 2 4 4 56 56 14 28 28 56 4 4 2 2 14 4 4 2 1 4 1 56 4 14 28 14 56 56 56 56 2 1 56 4 14 1 28 14 28 4 14 1 2 28 28 1 14 28 28 4 56 4 56 14 56 14 28 14 56 56 2 1 1 14 56 1 28 14 1 56 4 2 14 28 1 56 14 14 14 4 1 2 4 4 28 4 28 1 4 4 28 56 14 4 1 
51 91
91 1 7 1 91 91 91 91 7 13 13 91 91 13 7 7 91 1 91 1 7 91 91 91 13 1 1 1 13 91 1 1 13 7 13 1 13 7 7 7 1 91 91 13 1 1 1 13 7 13 13 
95 98
7 2 1 7 1 2 49 1 1 1 98 49 2 49 49 7 98 98 7 98 1 2 1 49 1 14 49 7 14 49 2 98 1 2 14 98 14 7 2 98 49 1 2 1 98 14 49 49 14 98 2 49 1 98 2 2 49 14 1 14 49 49 1 2 1 1 7 1 98 14 98 7 98 2 1 49 98 1 14 1 1 7 7 14 14 98 98 14 49 2 1 49 1 7 98 
55 93
3 1 93 1 31 93 3 1 93 93 1 31 1 3 93 31 1 93 93 1 93 93 93 31 3 1 31 31 3 93 31 31 3 31 93 3 93 1 1 3 1 3 1 1 3 1 1 1 93 3 3 31 31 1 3