10
76 71
71 71 71 71 71 1 1 71 71 1 1 1 1 71 1 1 71 71 71 1 1 1 71 71 71 71 71 71 1 1 71 71 1 71 71 1 71 1 1 1 1 1 71 71 1 1 1 71 71 1 71 71 71 71 71 71 1 1 71 71 1 71 1 1 1 71 71 71 71 1 71 1 1 71 71 71 
60 100
5 50 4 2 50 100 50 1 100 5 25 20 4 1 50 25 5 4 4 2 25 20 1 2 2 5 5 2 100 50 5 5 5 5 5 5 2 100 25 1 50 20 2 100 4 50 2 100 50 50 100 1 50 4 1 100 2 1 1 5 
55 70
7 10 1 2 35 14 7 35 7 7 10 14 7 35 2 70 5 14 10 2 35 35 5 70 5 5 35 2 14 1 1 2 14 5 14 14 70 2 35 70 2 7 14 35 5 5 70 70 10 35 70 7 35 14 14 
71 66
11 33 1 6 11 66 3 1 2 3 6 6 22 11 66 1 3 1 33 66 6 3 1 22 3 66 2 66 3 33 3 11 11 3 33 66 66 33 11 33 33 6 33 3 2 6 22 33 33 6 22 6 3 33 66 33 66 6 22 6 33 2 66 3 3 33 3 3 66 1 2 
59 50
2 10 50 1 10 50 10 10 5 2 25 50 10 25 10 2 10 50 5 10 50 2 1 1 5 50 1 10 1 5 10 25 10 2 5 25 25 10 10 2 1 25 10 5 50 5 2 2 2 25 10 25 25 10 25 25 10 2 1 
88 67
67 67 1 67 67 1 1 1 67 67 67 1 1 1 67 1 67 1 1 67 1 1 67 67 67 67 1 67 1 67 67 1 67 67 67 1 67 1 67 1 67 67 67 67 1 67 1 67 1 1 1 1 1 1 67 67 67 1 1 67 1 67 1 1 1 1 67 1 1 1 67 67 1 1 1 67 1 1 1 1 67 1 67 1 67 67 1 1 
74 51
3 1 1 1 3 51 1 1 17 51 1 17 51 51 3 17 1 3 1 17 1 3 17 3 1 17 1 17 51 3 3 51 51 1 3 1 51 51 1 51 17 17 3 51 17 17 51 1 51 17 51 17 3 51 17 3 3 17 17 17 1 17 17 17 1 51 17 51 17 1 1 51 3 51 
79 93
93 93 93 93 3 1 93 31 1 31 93 31 1 93 1 31 1 3 31 1 3 3 31 93 3 1 31 93 31 1 93 1 3 31 93 3 3 31 1 3 3 3 93 31 3 93 93 31 1 1 93 3 1 1 31 31 93 93 3 3 3 1 3 3 3 3 3 31 1 93 31 93 93 3 31 1 31 93 3 
57 53
53 53 53 1 1 1 53 1 1 1 53 53 1 1 53 1 1 1 1 1 1 53 1 1 53 53 53 53 1 1 53 53 1 53 1 1 1 1 1 1 53 53 53 1 1 1 1 53 1 53 1 1 1 53 53 53 53 
50 54
9 6 2 2 27 3 3 27 1 1 2 9 54 9 27 6 18 54 27 54 9 1 9 18 27 1 6 9 18 1 18 27 6 9 6 1 54 1 27 6 27 27 1 54 54 18 3 18 1 6