16
94 62
1 62 2 2 62 31 62 62 2 62 2 2 2 62 2 2 62 2 2 1 2 1 2 2 31 62 1 31 62 2 31 31 62 31 31 31 1 62 31 62 62 2 2 31 62 1 1 1 31 1 62 1 1 31 1 62 31 62 1 2 31 31 31 2 1 31 31 1 2 31 62 2 1 31 2 1 2 62 31 2 62 62 1 2 2 1 62 1 2 2 2 1 1 31 
77 99
3 33 99 33 3 3 33 1 33 33 3 1 1 3 3 3 99 3 99 99 99 1 1 33 33 3 3 33 33 99 99 1 1 99 3 33 99 99 1 3 33 99 3 99 1 99 1 99 3 3 3 99 33 99 3 33 1 1 99 1 33 33 1 99 3 99 1 99 3 3 33 3 1 1 99 33 3 
52 97
97 1 1 97 97 97 97 97 97 1 1 97 97 1 97 1 1 97 97 1 1 1 97 97 97 97 1 97 97 1 97 97 1 97 1 1 1 97 1 97 97 1 97 97 97 1 97 97 1 1 97 1 
73 55
55 55 55 1 55 5 55 5 1 11 5 1 11 55 11 1 55 5 55 1 55 5 11 1 11 5 1 5 1 5 55 11 55 5 11 55 11 55 5 55 5 1 11 1 55 11 5 55 1 55 1 55 1 11 11 11 55 1 55 5 11 1 5 5 55 11 55 11 1 1 5 5 11 
82 72
12 3 24 72 4 1 1 2 36 12 36 6 36 4 12 4 1 18 3 72 18 72 36 36 12 12 36 72 3 18 2 24 4 12 72 36 3 2 36 18 24 36 12 24 1 36 6 36 4 2 1 6 1 12 3 4 72 24 12 6 6 1 12 36 72 6 36 4 4 2 72 24 4 18 1 4 1 36 1 1 3 12 
86 92
2 23 46 1 92 2 1 46 4 1 2 4 1 2 1 4 23 4 4 2 4 23 46 1 2 92 46 23 4 2 1 2 23 23 1 2 4 46 2 46 46 1 46 46 2 4 2 92 92 46 92 1 23 2 46 23 2 92 46 46 92 2 1 1 1 4 46 4 46 92 2 1 23 92 4 2 23 2 92 4 46 46 92 1 1 46 
95 95
95 1 5 5 5 1 95 1 95 95 19 5 5 19 5 1 95 95 1 19 1 5 5 5 19 95 5 19 19 95 1 19 5 19 19 95 1 5 95 5 1 1 95 1 95 5 95 5 19 95 1 1 5 19 95 19 1 19 5 5 5 95 95 1 5 95 95 19 1 5 95 19 19 95 95 5 1 5 1 5 5 19 95 5 95 95 95 19 5 19 5 95 1 5 5 
63 93
31 31 1 93 31 3 93 3 31 3 3 31 31 3 3 31 3 3 1 3 1 93 31 3 1 3 31 31 93 93 93 93 93 3 1 1 3 31 1 1 1 3 31 1 1 93 31 3 3 31 93 1 3 3 1 93 93 1 1 31 3 1 93 
95 97
1 97 1 97 1 97 1 1 97 1 1 1 1 1 1 1 97 1 1 97 1 97 97 97 1 1 97 97 97 1 97 97 97 97 1 1 97 1 1 97 97 97 97 1 1 97 1 1 1 1 97 1 1 1 1 97 1 97 1 1 1 1 1 1 1 97 1 97 1 97 97 1 1 97 1 97 1 1 1 1 97 1 1 97 1 97 97 97 1 97 1 1 97 1 97 
50 65
1 5 65 1 1 13 5 65 1 65 1 1 5 65 65 13 5 1 13 65 13 5 13 65 65 5 1 5 65 65 65 65 1 5 13 13 13 65 13 13 5 65 13 5 65 1 5 5 5 13 
75 64
64 16 16 64 4 4 2 64 64 64 4 32 2 32 4 16 2 4 32 1 16 2 1 16 4 2 4 1 16 2 2 4 32 16 16 64 1 16 4 4 32 2 2 1 1 4 2 4 64 32 1 64 2 16 2 4 1 32 1 32 32 2 64 2 2 2 2 32 16 16 4 32 4 32 2 
98 79
79 79 1 1 79 1 1 79 1 1 79 1 79 79 79 1 79 1 1 79 1 1 79 79 79 79 1 79 79 79 79 79 1 79 1 1 1 1 79 79 1 79 1 79 79 1 1 79 1 79 79 1 1 1 79 1 79 1 1 1 1 1 79 1 1 1 1 1 79 1 1 79 1 79 1 1 1 79 1 1 1 1 79 1 79 79 79 1 79 1 1 79 1 79 1 79 79 79 
97 68
2 17 34 68 1 4 1 34 17 4 1 2 34 2 68 2 17 4 2 17 2 34 68 17 2 4 34 1 2 17 2 1 68 17 2 17 2 1 68 2 17 34 1 34 34 4 2 68 4 34 2 68 1 4 68 68 2 2 34 1 17 1 2 68 4 2 34 2 1 1 1 2 4 17 1 17 2 34 1 2 17 4 2 4 2 68 68 68 2 2 68 17 1 4 68 4 4 
71 53
1 1 53 1 1 1 53 1 53 1 53 53 53 1 53 1 53 1 53 1 1 53 1 1 53 1 53 53 53 1 53 1 53 1 53 1 53 53 1 1 1 53 1 53 1 1 1 1 53 1 1 53 1 53 1 53 1 1 53 1 1 1 53 53 1 53 53 1 1 53 1 
54 71
71 71 1 71 71 1 71 71 1 1 1 1 71 71 1 1 71 71 1 71 71 1 71 1 1 1 1 71 1 71 1 1 71 71 1 1 1 71 71 1 1 1 71 71 1 1 71 71 1 71 1 71 71 71 
61 62
31 2 2 62 31 62 31 2 1 2 31 2 62 62 1 62 2 1 2 62 2 62 2 62 31 1 31 2 2 31 62 2 2 1 1 1 1 1 2 2 2 31 31 62 1 62 1 2 31 2 31 31 62 1 31 2 1 62 62 31 62