789 68
0
0
0
2
2
2
5
6
2
4
7
1
0
12
5
8
1
6
8
16
7
9
4
17
1
21
3
3
14
27
26
2
24
33
26
7
27
4
32
39
32
33
22
31
15
23
10
35
26
7
14
48
9
12
51
33
7
47
47
53
56
41
45
3
7
23
21
31
16
13
17
1
28
63
31
38
57
64
54
66
50
5
24
18
43
1
22
60
88
49
10
29
27
0
37
25
43
7
44
95
80
76
27
100
98
9
39
42
46
48
107
97
0
97
11
68
33
25
61
89
72
114
53
46
8
64
120
106
108
10
91
109
80
0
126
58
23
72
127
71
26
90
98
111
50
62
141
12
110
64
127
128
4
58
99
133
147
31
134
127
92
55
76
128
113
147
157
114
100
45
34
29
122
48
145
25
46
150
4
153
171
112
40
131
160
30
2
76
178
51
68
50
66
155
160
148
9
4
4
86
52
88
166
27
95
107
128
183
83
74
145
89
114
151
174
35
59
185
108
9
3
196
187
54
9
213
188
225
79
160
90
112
119
9
143
164
9
213
85
48
14
141
9
195
119
2
204
106
155
71
199
119
53
52
37
212
252
66
33
38
52
194
31
259
209
233
91
88
88
247
237
87
187
225
125
168
243
250
191
4
58
192
52
208
71
236
276
123
127
248
142
158
154
162
176
161
141
266
91
76
62
209
2
183
169
171
155
26
283
16
206
100
88
261
14
139
258
224
271
128
6
8
267
276
113
81
316
175
166
197
256
62
177
319
277
95
113
24
277
243
256
118
87
23
157
83
28
197
265
115
7
20
236
329
166
94
312
5
335
130
141
4
185
161
120
288
80
337
22
105
134
83
29
231
155
361
295
3
250
293
269
304
264
214
231
148
374
368
305
295
175
85
288
250
249
335
353
259
85
31
227
241
262
93
199
37
94
86
384
399
280
179
276
315
2
101
328
47
78
121
4
140
83
283
76
196
361
242
415
371
33
305
242
275
383
150
172
368
120
129
302
14
184
14
434
249
287
97
304
326
404
413
405
299
224
103
216
60
424
264
459
321
409
172
159
266
28
120
236
286
276
323
323
414
319
303
425
219
119
106
347
242
347
114
242
19
386
334
484
233
440
77
31
352
470
216
327
295
282
172
495
111
327
176
34
438
497
474
357
270
506
362
112
129
44
109
327
141
466
15
275
406
169
292
324
169
182
62
463
512
69
135
151
277
303
145
500
250
512
273
313
291
104
408
262
395
413
430
145
329
539
414
351
368
228
366
424
295
480
7
170
387
485
48
190
452
461
21
124
303
284
152
449
64
399
466
456
321
19
216
315
111
327
303
175
234
572
533
24
466
293
300
412
351
249
320
59
348
29
483
440
420
130
276
249
284
67
357
201
113
120
188
347
329
452
356
3
379
158
353
377
221
151
173
165
244
138
213
298
338
333
3
133
293
219
506
612
344
428
347
215
473
77
240
205
38
188
408
312
597
647
383
19
483
264
183
458
491
171
493
389
200
165
222
613
321
324
341
607
199
308
472
89
23
390
178
275
289
285
553
327
180
281
47
158
483
261
420
183
289
153
6
528
606
26
191
264
569
522
621
25
500
489
443
611
364
421
624
428
471
98
184
397
688
586
1
599
442
173
217
20
293
414
295
235
465
622
273
34
138
325
83
311
710
85
555
238
350
173
682
321
368
633
205
65
657
486
106
106
29
317
746
649
412
684
536
350
503
58
757
500
4
354
699
387
108
392
197
487
635
33
194
621
143
168
124
518
204
314
560
225
403
521
769
383
462
203
76