812 765
0
0
1
0
1
5
2
5
5
9
3
6
8
3
9
5
15
17
5
10
10
19
6
13
8
2
15
11
21
3
18
4
22
14
26
17
5
32
8
16
23
34
38
5
26
45
14
43
6
9
46
49
36
39
32
22
5
19
12
2
31
61
61
3
46
38
14
58
23
33
10
18
12
48
67
66
28
20
29
66
14
39
60
47
24
41
55
16
1
62
80
27
18
57
16
70
49
7
11
50
77
17
97
54
1
104
99
34
31
73
15
61
93
48
20
77
49
86
46
0
106
114
105
16
5
73
16
109
30
6
27
49
24
58
98
69
36
116
109
33
104
141
108
24
138
105
78
60
38
109
7
125
77
85
7
139
138
124
140
53
91
49
89
15
157
1
159
78
122
33
32
105
90
143
121
49
162
139
160
139
33
12
159
110
7
169
132
71
170
115
74
100
133
84
159
158
41
47
28
5
84
93
150
162
101
123
204
127
153
60
52
119
103
118
33
132
67
194
98
216
135
15
147
141
158
64
162
221
226
115
221
147
73
142
70
120
178
97
57
135
8
231
226
14
93
204
9
236
205
230
34
57
45
77
227
75
220
205
31
230
113
95
59
98
158
196
153
170
17
22
22
179
48
126
186
260
109
243
109
79
94
45
256
187
81
199
20
25
173
23
162
106
119
20
130
221
14
17
51
188
109
274
200
279
277
73
260
291
46
259
263
297
172
228
149
243
75
73
203
213
241
9
193
191
131
246
311
271
35
86
268
79
309
232
174
234
69
100
302
246
231
338
250
103
117
297
22
269
270
133
82
164
183
300
239
353
241
287
6
279
359
63
362
130
121
173
237
239
120
169
34
231
313
25
128
87
245
241
50
4
264
303
175
73
19
370
90
93
167
332
223
200
158
343
82
256
123
322
359
132
366
7
401
291
143
228
3
389
305
356
358
97
26
129
130
189
51
305
292
252
292
228
213
325
222
89
282
284
159
238
226
251
132
243
349
182
395
30
10
243
370
133
180
340
427
9
335
19
97
260
82
415
21
354
55
254
100
400
172
429
249
317
427
181
264
238
216
393
217
210
38
165
156
183
250
172
117
239
218
352
313
337
384
208
69
25
385
156
276
99
134
68
488
162
58
384
370
189
9
454
156
145
83
19
65
139
466
370
303
294
137
455
263
492
86
4
318
496
348
470
180
67
137
53
76
183
352
234
514
270
397
516
311
279
456
183
312
357
269
97
121
401
34
101
407
18
98
154
473
200
498
465
1
99
79
140
156
84
488
197
224
230
361
376
73
11
294
446
161
544
438
305
231
425
12
255
359
156
424
138
220
295
135
198
140
582
377
218
386
57
282
578
299
95
276
79
368
185
137
265
235
192
144
474
485
523
70
546
401
261
227
401
414
107
559
456
208
91
301
517
99
567
518
319
10
145
136
424
545
95
309
16
185
602
614
152
573
321
503
33
625
493
565
461
156
141
391
39
509
198
430
274
174
619
180
116
135
89
140
602
230
430
629
348
45
621
662
98
483
245
447
604
163
240
147
259
52
377
202
589
597
637
626
149
410
102
253
95
476
164
20
635
459
362
525
232
363
113
400
639
594
196
423
539
280
559
11
677
399
454
707
213
221
438
216
398
532
565
677
525
128
250
507
348
664
29
690
107
313
484
490
570
149
306
325
661
65
493
214
624
329
321
60
452
591
714
189
479
214
419
40
335
151
479
623
286
389
277
121
570
662
709
106
56
634
32
393
751
722
246
235
357
224
331
255
756
486
219
245
188
618
304
586
582
409
686
521
780
408
425
698
764
35
87
134
382
179
708
705
370
558
210
278
665
681
41
420
251
717
425
537