727 617
0
0
1
1
1
5
2
7
3
1
9
11
3
9
1
0
8
14
6
11
0
13
8
5
4
2
13
21
8
28
1
2
27
18
15
31
8
23
24
16
4
20
31
41
39
27
22
2
38
35
7
11
24
10
1
19
14
45
47
17
33
28
43
6
35
5
34
20
22
23
14
39
65
65
36
48
35
0
11
43
42
76
27
83
30
70
49
84
82
48
73
27
3
67
21
7
88
30
27
84
23
61
27
51
70
39
42
68
104
62
24
21
35
65
44
108
110
86
27
35
93
47
108
24
66
83
18
30
31
86
38
74
59
100
78
55
112
85
7
139
85
51
134
140
106
0
30
95
118
137
75
68
141
74
141
70
38
32
99
96
25
92
42
94
111
29
48
142
66
117
57
46
92
141
138
96
98
103
41
15
104
18
179
144
135
45
42
22
186
186
175
9
47
163
62
183
103
140
29
154
2
81
120
13
198
84
40
134
184
186
24
210
210
11
181
80
162
141
128
71
147
196
166
141
179
223
109
64
187
179
102
30
133
124
83
153
144
198
2
220
151
203
179
25
201
23
145
19
117
192
81
218
195
219
216
189
122
70
229
253
132
220
9
184
241
117
246
201
176
160
92
40
239
31
271
87
85
172
254
180
92
218
218
224
237
100
261
227
36
256
269
97
121
224
259
227
148
194
167
6
112
89
51
29
109
35
243
193
118
26
255
249
236
6
69
148
160
61
40
175
143
54
174
230
316
52
101
133
164
226
7
129
119
159
269
191
168
15
189
238
183
301
53
342
201
154
345
215
182
9
69
239
19
48
2
99
342
17
16
94
130
121
267
342
364
143
195
144
75
180
278
18
202
258
53
255
302
207
344
131
312
4
11
199
214
38
284
308
159
150
334
26
141
186
29
277
114
236
47
399
138
220
123
126
15
255
33
261
190
409
235
282
144
364
272
389
300
389
114
32
378
351
238
68
378
59
341
163
383
174
383
313
73
340
310
393
380
105
254
151
114
332
56
382
194
442
294
151
274
436
260
165
284
75
447
376
356
134
116
3
264
40
179
324
170
127
364
403
330
377
69
138
51
419
239
358
256
114
277
39
397
345
7
163
144
226
305
147
385
162
124
2
196
157
377
229
217
107
65
333
478
256
354
150
342
271
181
79
463
312
266
503
119
34
411
351
364
414
173
460
325
38
337
106
369
106
108
524
146
216
238
198
446
50
192
214
222
279
365
147
515
304
349
35
420
320
232
337
305
157
173
478
156
175
42
100
243
66
201
102
90
502
58
398
23
88
218
97
484
513
565
106
277
323
548
550
228
348
481
186
551
326
474
358
530
130
30
46
354
200
252
37
482
249
333
273
354
220
97
137
204
38
399
44
424
80
46
483
232
466
544
232
363
595
112
388
451
246
312
259
120
610
9
120
162
44
530
547
536
91
57
56
382
391
346
198
365
411
73
364
395
546
243
446
636
71
272
108
206
482
244
84
91
644
182
552
259
241
318
556
322
657
366
384
54
520
345
570
396
348
222
333
651
662
521
398
397
415
612
84
652
311
154
650
33
217
201
199
507
384
245
177
444
376
622
293
233
657
649
114
114
244
362
59
91
671
570
337
584
572
691
138
346
473
650
367
436
606
59
206
35
641
133
411
359
210