560 68
0
0
0
0
2
4
5
0
7
9
1
2
4
5
14
8
3
16
6
9
11
15
7
0
0
15
25
24
6
22
24
22
6
23
26
7
9
26
36
5
10
12
34
24
37
5
23
18
23
27
17
4
51
29
0
12
17
26
5
41
59
24
3
37
62
32
63
24
31
66
4
47
39
37
45
33
44
12
13
52
32
63
64
67
73
64
56
23
50
10
81
13
22
2
84
55
8
66
59
88
2
3
29
97
1
55
76
15
11
49
56
35
58
107
66
11
98
49
54
103
71
118
34
82
87
12
26
57
94
123
53
66
30
109
122
8
43
60
105
75
92
47
112
95
31
45
38
28
61
43
92
138
95
41
124
88
66
115
21
104
129
122
18
152
137
127
162
115
20
126
43
149
168
29
84
54
42
80
116
67
62
96
47
174
179
89
117
185
82
8
167
134
106
43
61
150
78
82
115
48
113
29
52
105
18
178
192
108
17
112
110
113
177
36
17
15
91
201
206
175
158
203
207
141
31
59
51
65
66
190
182
106
117
74
232
49
192
176
192
108
14
93
1
62
219
233
3
229
32
161
134
10
78
76
19
119
39
82
7
140
234
253
79
218
51
131
45
82
154
105
172
75
118
254
19
171
241
21
59
279
197
91
219
172
10
10
137
100
129
103
34
287
289
184
201
63
149
275
2
151
248
142
284
163
171
169
165
241
272
261
195
201
215
259
218
46
287
152
204
291
307
117
295
284
226
60
51
66
223
262
305
3
214
203
257
173
207
263
79
73
115
5
232
326
36
310
166
161
307
268
245
204
255
211
353
182
67
264
71
16
293
59
82
313
259
340
40
321
209
267
128
188
286
82
226
328
49
53
303
64
38
23
286
143
225
168
53
80
90
173
74
261
88
15
59
143
203
281
114
222
127
273
30
27
311
251
282
161
302
51
195
409
109
124
154
221
213
36
153
56
396
59
176
349
164
61
165
167
204
428
121
253
184
386
73
265
158
411
262
1
62
407
286
348
362
445
173
394
29
206
445
116
289
248
8
289
6
393
220
395
288
304
51
400
146
2
417
313
369
259
162
430
28
93
306
27
186
476
131
161
332
463
361
149
84
279
242
457
132
424
302
131
264
283
36
236
336
104
389
356
349
349
427
207
210
404
174
438
365
1
228
301
80
255
423
378
32
498
402
471
112
59
84
62
226
224
494
375
222
439
421
109
469
252
205
183
517
65
191
194
135
147
134
331
358
233
198
212
336
213
511
198
467
77
117
235
435
481
364