639 286
0
1
1
2
0
1
3
0
1
2
7
2
7
8
7
7
12
16
15
4
14
21
2
5
8
8
13
12
4
26
1
2
8
0
1
11
17
11
6
29
32
0
20
20
11
3
30
17
30
45
23
46
0
43
23
31
15
45
6
3
41
26
43
20
10
64
20
18
9
27
3
20
49
27
62
60
37
62
74
7
52
20
17
56
67
53
21
59
56
61
67
25
44
13
11
70
17
21
38
60
35
59
102
64
44
104
99
96
36
92
8
18
29
111
43
42
88
34
85
7
110
39
47
82
95
77
40
76
62
36
58
101
40
92
66
107
93
107
25
53
54
78
15
26
81
77
14
105
25
97
66
91
69
123
1
94
14
101
100
146
90
30
51
159
117
95
79
39
48
125
111
93
59
105
156
77
148
73
42
107
4
28
17
10
109
117
38
102
56
34
13
143
53
89
82
176
127
87
123
85
57
179
44
156
6
200
6
133
173
163
185
197
148
45
6
99
1
77
149
95
176
65
62
140
90
89
42
107
180
65
227
23
65
172
114
50
96
33
97
237
225
51
12
51
137
0
240
187
129
5
3
207
236
233
66
59
226
47
179
248
18
90
90
228
118
89
205
13
207
193
126
143
152
46
99
135
35
61
208
140
249
259
81
144
71
118
176
100
286
45
111
171
72
170
144
165
136
235
23
166
210
68
193
43
216
76
0
158
232
32
8
196
144
25
279
148
36
169
132
20
169
130
277
247
96
319
220
71
284
193
35
120
241
12
16
179
269
243
315
70
216
194
250
64
334
332
111
201
67
246
245
67
339
96
305
11
45
136
14
263
268
314
75
173
111
225
97
3
78
284
219
303
154
359
310
216
340
200
282
305
255
31
158
352
14
234
38
10
52
150
268
363
33
339
128
54
133
230
90
385
148
228
88
349
383
382
114
333
250
131
403
227
49
367
46
113
298
24
77
326
362
284
49
405
28
261
79
399
158
285
82
262
281
144
345
393
60
194
25
162
286
225
354
308
309
173
139
45
182
45
37
94
436
414
267
204
225
237
452
230
48
11
47
68
60
304
397
319
24
107
159
90
17
374
75
410
38
73
288
21
32
397
102
178
237
244
423
484
210
309
309
173
329
385
223
375
462
235
142
12
365
350
405
287
158
66
269
294
457
445
46
251
183
60
136
169
264
330
204
483
96
291
285
138
301
305
321
257
178
225
304
2
455
200
141
361
185
440
88
202
8
503
356
193
421
297
471
447
216
149
268
433
66
270
228
492
250
5
504
335
481
263
501
181
431
227
348
384
54
563
474
249
470
55
542
503
358
351
407
62
499
480
92
116
124
397
505
437
140
269
279
563
591
17
222
83
214
206
408
432
207
484
7
183
541
16
510
479
201
172
283
159
582
316
330
575
360
195
441
244
538
114
124
557
275
624
594
546
58
296
6
159
254
4
424
154
123
340