767 56
0
1
2
3
1
2
6
2
2
7
1
9
9
13
0
13
1
6
12
15
12
19
0
17
20
5
21
25
21
14
30
1
23
10
29
13
14
32
22
20
5
11
24
18
29
9
9
42
37
30
18
23
26
8
25
18
9
6
48
0
60
12
23
49
7
43
28
32
17
4
61
62
25
26
16
56
65
37
57
64
36
42
79
39
36
56
10
86
82
25
59
14
5
29
75
31
3
12
91
25
78
12
77
72
94
90
86
72
67
29
7
58
106
83
109
51
62
106
30
65
40
21
36
106
10
27
115
112
90
61
29
66
96
116
16
127
130
103
66
24
108
135
0
105
111
126
6
141
3
126
62
126
75
93
144
128
59
52
86
92
25
32
48
85
135
71
17
92
9
71
38
58
172
166
154
151
111
77
94
54
52
137
58
159
44
15
171
19
114
111
94
172
77
11
29
82
171
178
71
144
170
76
167
109
34
53
14
205
94
36
105
168
164
86
130
209
176
104
101
63
79
121
15
67
121
98
55
18
128
5
95
44
155
193
163
68
12
42
75
176
201
194
103
203
227
85
186
20
139
11
234
226
220
9
34
87
220
72
180
235
164
252
8
158
230
210
10
151
183
149
94
113
146
142
263
49
164
122
90
136
266
101
271
58
142
190
243
148
104
135
117
281
159
145
36
33
40
84
19
36
174
39
114
210
56
305
133
117
252
103
34
304
99
207
131
92
168
278
215
133
107
142
197
216
255
96
232
61
18
10
251
160
210
299
275
259
29
315
308
279
320
40
40
338
57
31
124
210
98
13
183
156
137
346
50
47
153
16
163
105
351
110
257
268
331
254
263
15
327
254
256
50
114
366
246
366
196
187
90
257
183
362
368
162
322
334
116
220
211
250
174
257
12
308
248
28
81
135
285
232
167
125
42
310
28
306
102
52
183
54
250
3
215
129
300
364
353
138
216
312
413
133
401
194
60
288
192
23
337
317
95
91
222
282
61
373
233
1
276
251
37
261
144
386
396
199
87
261
409
34
344
158
19
210
62
151
190
311
205
237
403
118
351
68
326
4
352
177
400
176
225
426
339
404
95
283
150
13
466
456
293
124
175
293
144
158
132
222
398
137
94
27
451
200
270
177
299
172
477
221
324
129
264
332
46
461
257
464
404
372
106
464
201
0
16
301
295
85
210
448
295
0
342
264
144
43
493
318
419
426
115
60
53
353
188
88
232
69
252
186
254
59
62
317
341
391
68
28
311
535
412
460
250
402
28
390
555
489
476
382
164
336
127
183
303
457
520
296
221
305
416
27
274
405
494
43
22
252
418
34
326
477
174
259
430
469
264
552
524
474
259
419
327
50
16
547
523
523
26
314
498
15
311
303
219
296
266
213
562
359
596
444
327
366
438
430
113
210
199
434
117
130
147
352
53
280
84
48
150
280
502
411
582
611
361
596
205
518
151
6
424
95
189
594
194
641
300
187
581
120
221
554
426
650
463
54
272
268
89
133
268
231
623
63
290
34
618
256
590
535
208
630
528
163
653
13
76
445
245
131
489
440
619
419
178
453
200
630
216
573
164
563
152
636
231
26
655
694
338
360
698
516
220
292
697
45
516
202
441
249
706
339
129
516
240
591
223
573
170
218
696
244
248
607
510
247
505
671
220
652
450
232
263
364
209
69
222
316
97
229
210
253
447
627
88
719
174
72
390
211
282
23
384
149
488
306
35
100
617
364
30
196
523
132
312
428