5764
7434
5437 9788684975437
2025
7478 2857821187478
3887
3784 4398624723784
4555
1248 9267071101248
5244
4044 5845888924044
532
4904 9676643594904
3565
1442 5701227761442
2485
2039 1524747822039
209
1780 8965742451780
6831
6928 4886782036928
7217
5796 8738863905796
1510
6051 9140533436051
1141
7379 643544977379
5922
3954 8587058833954
5384
4858 1928275384858
2208
7213 509843257213
5822
4795 1106563704795
3280
5021 5002303255021
7340
2265 5301553332265
439
3951 1637453483951
6785
5220 7463207915220
4985
4082 7069665984082
4752
6229 599508826229
6144
6619 6898770826619
5190
7254 8374317507254
6386
1981 9760531511981
557
1753 7875483311753
1972
7635 8834903067635
4719
3037 259681793037
3636
3177 9202502473177
6841
4866
4028
2241 6557721942241
6067
3649 6310213243649
7284
6142 5836176536142
378
6112 5292327346112
328
978 3765912120978
339
5167 3583627395167
266 8919897350266
1730 189540031730
4928
1200 820752931200
2276
5130 9501749365130
6190
5752 6077077965752
442
885 3725165640885
879
7019 7085843297019
6671
2857 3631825022857
1440
5292 3776669415292
5381
1545 5558401891545
2571
3803 5774725693803
6155
7242 4829251417242
209
940 7387436390940
556
6803 4938467116803
6263
5342 4574569195342
2411
2057 4441518582057
6303
5689 2083079435689
3705
2982 3219746612982
6492
4640 7578493544640
6015
3505 1396057913505
2485
5220 2313441205220
6123
4117 2198522984117
5641
4098 4337751374098
1689
1204 142511361204
419
2910 1703506782910
1462
3545 9883507003545
4336
2731 2860172082731
6915
2197 5337698122197
230
2705 2953235232705
20
148 2692912110148
6541
357 4467448090357
4636
1270 8804483581270
4225
706 7973253150706
2157
7567 5390792387567
5018
3967 3812537503967
632
6820 4074197396820
6608
5791
2208
1863 6768139051863
1631
481 6885936470481
244
583 2588202900583
7778
4392 8511206184392
1982
2178 7138060362178
2007
7369
5874
262 4042739680262
6453
3590 5792224893590
711
4593 3895970224593
3160
3970 6735098343970
5536
451 3278064710451
6740
1584 4612943641584
755
3928 8500749773928
2221
2289 5850355102289
999
1218 9705388291218
5426
3918 7536009003918
7692
1653 8119708241653
2420
1128 5167261111128
2172
6381 2310066956381
6798
3321 806762133321
3736
865 7313624640865
7555
1507 4574499221507
6166
11 2450234540011
6219
609 9901920400609
621
2186 225262802186
1412
7397 1429579487397
4346
1438 9091323161438
6186
4627 4019856974627
2005
1969 4155461071969
3716
3774 59101623774
6296
6613 9560665166613
2477
1888 6485052231888
4069
1194 2893768621194
3112
5053 6506418825053
7589
3560 7507605313560
6704
7306 7115087707306
2267
1907 2428344461907
1482
3805 2939116953805
4882
840 6144102890840
6863
2035 7128814932035
4242
3357 8463823783357
2053
2938 3384928302938
2209
3346 2590434993346
3312
6643 8076919966643
3858
4470 6797803424470
3000
5998 911203615998
7558
1014 6574391681014
4154
662 7837595510662
4071
940 19261620940
5524
793 8784758780793
4830
5816 3186287455816
990
7550 4427200877550
7878
6726 974055526726
6224
6882 333419096882
3622
4022 4520573954022
4618
2500 1001345312500
590
6611 4661711896611
4538
7772 5126914037772
1821
7399 1201897517399
483
7057 6561757677057
6071
2759 3792604142759
6992
4247 2281766234247
1959
834 6073645500834
42
477 8978348030477
3347
2223 878111882223
1147
6517 3121651686517
6821
3391 4686022353391
3625
6448 7980152586448
855
4685 7786220984685
4867
3435 8542732373435
5789
6688 3143420736688
4544
6549 2917079636549
7484
3445 9104918483445
7489
2731 709108982731
5147
4327 3532421454327
1672
3671 1306519163671
5965
2882 8632906052882
7496
1540 3135259041540
7704
2543 5787206932543
6350
5771 6164317935771
5484
3344 681129813344
4895
1657 8340069221657
2973
2032 7228972052032
1348
6018 7177207906018
6882
4975 1610279744975
6874
2952 6782559572952
6787
5913 6134879195913
719
322 6951462370322
983
1057 7407695211057
6543
4809 8860088244809
5898
1683 570771461683
1544
526 2805581780526
4888
646 720181090646
1282 4837733991282
6280 4904256216280
2358
7725 1870064517725
4940
2070 2682978192070
33
4974 3262573234974
6165
3076 1050886963076
347
6455 7696140086455
5324
3897 9586271993897
2358
3389 2915240943389
1710
6386 8091176946386
5643
654 1069384750654
3977
3038 702379823038
5885
2171
6564 1850731876564
6565 3080653966565
3400
6645 7990032806645
5680
309 8825171610309
1075
5934 2697994045934
1577
6818 9310815806818
7802
7861 9261456637861
2781
5862 5039999985862
6879
4323 1386562884323
757
5114 9937154205114
3677
2535 157026182535
6027
1132 9561723461132
782
3037 2089266653037
7361
6269
5173
4536 5400093454536
3568
2025 6647193252025
3021
4559 1884707764559
3143
5726 5942191125726
2753
7562 6407338117562
6297
2990 3137978292990
6156
846 5492004420846
7147
5703 7220894325703
7694
4404 2414101594404
5066
7691 7147688217691
5932
6333 7032479416333
1047
2175 4137274742175
6646
6373 5947088296373
4651
2812 826330752812
6417
3228 5726244913228
1522
7795 3386676237795
327
6595 7041016776595
5666
5988 277932565988
7358
861 5457342070861
5111
1884 2308686841884
5914
51 2079190350051
2574
2096 3128234972096
3406
904 6752897080904
511
2047 2443020222047
528
3486 1442713133486
6058
1378 2910368771378
1369
5690 6720444815690
3128
6578 1066338516578
2130
7457 7205566317457
3578
7099 5569792847099
5878
4139 1737726034139
1637
3512 1948599183512
2919
1545
515
4223
645
6344 4396495386344
5884
7400 6803632487400
3591
140 7124498480140
6954
7378 2425198747378
3141
4598 7598651134598
7826
4645 8884741704645
2108
5439 1722775755439
1523
1787 8398063271787
6024
817 3550684480817
2882
3777 7689032203777
6130
2236 8261818332236
6031
6619 858531696619
1869
4551 3523405164551
139
3311 890626063311
4823
3495 5834288283495
7303
5843 8096179165843
4778
5849 4047748225849
3671
3473 1321413263473
706
5989 2970043415989
5042
2357 2473204462357
4883
7856 9693890737856
1154
6756 3456910266756
5922
803 5611398750803
3121
2216 8994353002216
4168
4654 5300849244654
5510 4505113935510
1631 2322866681631
5033 2900802195033
1642 5211552111642
3453
7035 394741737035
7789
1715 8817328061715
3827
6710 458216176710
7595
6269
4742
6617 5444623106617
4955
118 5700597580118
1318
866 8474818260866
5502
3309 348866173309
2320
7047 2403511867047
1117
711 1081744920711
6913
7821 9708612667821
6107
2995 7937231172995
663
1184 1871510301184
4141
968 6187547330968
2427
1372 4131401941372
6803
357 2806159400357
2065
7416 6053301937416
4270
3312 20085073312
7177
4798 7797580034798
4743
5414 8631622085414
6110
3126 2762896783126
4874
4737 4766143784737
3279
6958 3475884956958
7708
6565 9345092766565
4239
109 5478549600109
4399
2285 9055333202285
2012
5373 5929201055373
2249
3049 3730632493049
2914
43 4081019380043
1386
3574 9777179143574
6787
2749 7759606502749
2790
7830 4777591137830
5031
1650
4140
1290 5820735931290
1180
3494 284852983494
3608
7548 2322165347548
1631
6761 4564166086761
5170
2694 8309530182694
3681
5650 7875446465650
6694
5576 2525356465576
3450
4310 2454909594310
4914
4782 6927081924782
6463
5916 5427351425916
5085
875 320890500875
659
3818 7026977573818
1332
4823 8847859274823
1905
2969 8980466522969
4081
7101 5522402707101
2287
7003 830817727003
3545
5158 4356288905158
4665
5265 1939362955265
1762
6440 6773872516440
4662
4315 7504552094315
5033
7498 4083839167498
3100
1073 4481169321073
366
4832 5888257594832
5509
5967 4119078235967
2461 2868382562461
7349 5523709867349
4465
7577 1787937207577
812
2791 959926342791
1919
2160 2094501462160
2474
86 6683306580086
3296
2043 5485391742043
1934
4763 1189672004763
4302
917 4582566900917
1040
7059 2540793457059
5934
1686 3691876251686
6781
914 1882201260914
1949
2609 3762355782609
5272
3191 7663691033191
5012
7043 38317347043
6726
7749 7720731537749
7198
1730 2075634441730
2394
4026 3675310174026
1515
3750 4912458223750
1390
3378 3438519253378
5590
4044 7650885644044
240
7255 7979080267255
1531
1963 819495111963
3905
3146 7714224653146
2451
6872 9012356916872
3701
2848 6445762042848
5507
4645 7001523324645
2990
4853 607021614853
7
4892 4633418784892
7630
2421 4329641352421
6487
913 5323463370913
5733
7834 374301207834
6907
5829 4681646095829
2489
6782 5672814336782
3439
5708 8565835485708
4333
1262 6584042611262
270
6910 3219270196910
2379
3609
4712
4094 6687027454094
5000
525 4780908980525
559
6536 1560752056536
1611
1566 7076945271566
7530
6627 3046140846627
43
3918 8334903473918
3067
3813 70297583813
7064
2872 5806850832872
114
2528 3156211872528
1590
1384 9532173041384
6681
3894 7088862373894
4915
1660 6885598531660
4978
1827 5811222051827
7090
3108 1628524433108
4705
2819 9664251932819
5945
4355 6887291554355
3317
5732 4289332135732
121
2702 6396112682702
2321 5969200622321
931 6648957770931
7194 327459297194
623 448423850623
5488
5163 8305888335163
6570
7661 3144253687661
369
7602 2283040957602
1245
1038 1218959741038
6194
6202 175897736202
2587
6884 3317969596884
7484
2076 8571894592076
3331
6252 8947660456252
3323
2185 4684240072185
684 3790295270684
3201 9083724973201
7215
4449 7047609684449
339
38 6943621700038
6913
6029 7478815956029
7776
1984 8352734551984
3357
1514 9172074821514
7166
6977 6412324686977
7375
7669 1692398977669
866
780 301341630780
2942
3562 9099275933562
7745
3780 2366415963780
2506
4162 6114459494162
776
6306 6758798426306
2747
5291 5827745255291
2227
7595 6951245517595
1361
5468 1703844415468
4262
2990 5688375052990
7473
2428 86656132428
6274
2673 6699962532673
7265
6528 753554276528
1897
6139 8494581656139
800
4453 8835890514453
6274
3177 2905216873177
3284
882 5224533050882
1321
3124 3226223373124
4502
5431 1049830955431
299
2720 235547712720
2183
179 966100080179
6123
2877 6142151022877
2459
3908 1090072193908
7598
2663 1902433242663
1744
1167 7683854211167
922
6157 3134968686157
392
3582 3856759803582
2296
4337 6103182514337
493
261 6787989230261
6438
4548
4689
3304 7688523033304
6490
4768 8276973414768
6654
5546 1162392365546
2604
117 6512885710117
2562
4822 6996746234822
1250
7645 3028012837645
815
3503 3576905973503
1337
7191 6854386257191
391
4428 2284855994428
3969
6735
5845
7268 8674935577268
4449
3095 7247801233095
3461
5171 6041797695171
1628
625 8952891710625
6891
5104 5782200215104
2749
2991 5960018032991
1
442 1184053620442
5769
907 1198612330907
7811
5693 9666085995693
1557
2637 4440975492637
35
5663 5959213875663
5065
6600 629463096600
5407
1248 4681644921248
4781
6294 1252183586294
1607
7171 6969068017171
627
914 5532025720914
4042
2271 1867472002271
1554
486 7276399510486
7754 5814958997754
5457 3201369285457
7859
1011 6173196361011
3088
4077 4889485514077
2158
3990 6550898423990
5200
5750 1618525075750
3475
2925 7743006322925
2265
7772 2851000727772
3986
4575 8160803004575
7436
3719 7771511173719
520
5465 2542107995465
7292
3692 9722592513692
6531
6961 3590189346961
4616
7046 3823667957046
4808
7107 2272244667107
5983
4958 8550429114958
690
2927 5396860912927
2406
3465 453381913465
5951
3384 330677753384
1549
6350 4864913306350
2476
6213 2762489456213
2045
7831 8962096827831
86
3146
801
4754 2572748084754
3763
7457 723973367457
5191
6817 1359411856817
4306
5646 4542082665646
3116
7800 8174262077800
6628
4217 3661023454217
3458
4251 2684938534251
4586
859 4493223640859
5722
5690 6818729295690
2628
542 2852210260542
5832
3832 1406390733832
3678
6788 3931042146788
5700
6813 8109843146813
414
7695 7772377907695
957
5849 4273158745849
7762
4650 10695834650
5013
2810 5643137382810
4789
4196 4995361664196
5405
7307 3043576127307
7840
7865 2319980287865
4165
5803 8817761565803
6168
3072 9814975923072
2629
3492 3920100313492
5610
4383 3536338764383
838
5932 3116023845932
110
5755 1923182905755
926
7205 3680186527205
3607
4450 1599234274450
7188
7142 5904395427142
5622
3809 61684383809
4446
6982 7741270236982
2498
6909 957997956909
742 9903356280742
7607 9660689937607
4955
4902 5350584124902
225
708 8407445400708
1630
4169 5516914484169
629
7516 1811784417516
6249
1907 682433381907
437
808 4461391410808
6332
2944 7919995832944
1362
3642 2734697003642
6960
7206 3758878097206
592
2769 8276189412769
4258 6680853684258
5397 2004244525397
4759
3954 1407065633954
3953
5926 7934462555926
5616
1018 1896120991018
989
3495 874756443495
4951
3529 1942685123529
4446
1205 8415788891205
3625
880 4633401000880
5402
2898 725356622898
2750
1635 3482380841635
1558
3590 6549277033590
4357
7514 204082477514
4157
3843 3965966223843
1919
20 7148150720020
1912
6092 1447780196092
549
1220 2944221381220
1844
2880 7366579492880
3627
7355 2352760037355
1980 8873769781980
3806 5823650743806
5557
5891 4072617735891
7352 93959337352
2715 9226034782715
6780
5474 3705925815474
250
5808 6755848605808
4854
2415
346
1156 410883651156
1754
3105 4147993723105
6184
3780 6279638793780
7696
3164 6471666363164
7541
7881 7061044557881
2274
7254 7137492377254
3956
3370 6237831723370
5889
7002 3267845277002
829 3574217640829
2439 3540996472439
6109
874 5723477710874
2541
462 4081795040462
38
6939 1804052856939
4413
4538 8689348864538
4940
5544 7163260795544
7849
7612 5877195277612
4304
3858 6403824313858
5501
6936 4665205086936
4202
4671 4507834314671
7288
6647 6761128116647
5239
7445 3812786097445
3719
3211 5030655163211
6797
1365 3583811211365
6050
5246 9078939865246
2885
2466 4579570212466
2103
2468 7048903512468
799
3709 1565286773709
1708
1557 2681628371557
5208
6870 5750539736870
7670
1064 4487444321064
6994
342 8531489140342
158
3157 8534773593157
696
4400 7874779554400
5946
6361 7912221656361
2935
3710 2214195263710
5977
5584 8634151085584
5930
7588 2550047317588
6466
2541 5365159772541
4627
4159 693653504159
325
6407 4882141576407
5272
2038 3923243042038
2527
207 8233488440207
7231
7707 9087679197707
623
4205 1465982494205
272
2597 3953345012597
3061 6803241523061
2846 2070672182846
955
85 1282642230085
6913
564 6393125730564
3925
3199 6195265573199
980
2030 4699136212030
2381
3269 1611810863269
31
2562 3109693462562
6521
1687 9151612361687
6308
7281 1466490067281
2365
6472 3137049786472
5437
5901 109046595901
3565
7742 7214001937742
2079
6801 1192722916801
4995 3034128554995
3713
7067
2686 8045072512686
4272
5962 6911931395962
6675
5038 3355649835038
7131
6220 6761770696220
2011
2360 292004182360
4507
2824 4269886382824
4954
4226 7558774844226
7667
1636 1176211791636
4514 2959375474514
6992 7183742266992
2765
2249 3972597102249
1229
41 6636187950041
3489
7369 6938089547369
877
4994 2294419574994
7133
5231 3560288235231
2113
7075 6540486317075
4872
7545 2978991857545
6553
3316 7027170373316
4142
6670 981649086670
3943
3205 9051339443205
3059
888 9244861580888
5349 8420706375349
1600 8106889181600
643
2693 9612671002693
7021
180 5298330720180
4163
3268 3400148293268
2545
270 3469118110270
6541
7249 8918950377249
3018
666 6999829560666
6175
2757 207109562757
4020
760 4419707740760
1397
3241 5707275553241
7471
7495 8007202167495
2586
7085 323537317085
2525
3505 4094367553505
3610
1317 1924797461317
2027
3620 1650522393620
7894
638 3715514390638
7310
4788 5996258124788
6985
5660 9535446075660
7629
4262
1111
6205 61286416205
7882
4789 494606594789
3681
1441 9071718891441
2906
6124 1768910926124
4991
4177 9228236934177
2219
7677 8887878437677
3009
2353 3528764832353
5263
3944
1781
5845 5636313835845
309
410 3995104230410
2852
642 6583054370642
7292
1971 5762150921971
4162
4280 3418986724280
6974
1068 6244591391068
7457
4478 6014364274478
1667
1532 7005003301532
1944
7863 677109507863
3146
1103 3498543731103
498
1057 8197458861057
5086
2300 906617802300
7517
5860 1748617075860
4757
2731 4438473712731
5358
5810 9131892015810
2327
3348 7200100523348
1700
751 3690119940751
1636
2648 8419748272648
4045
2595
6370
3602 8470024093602
1387
1407 7107292931407
5961
6402 3577914376402
1287
120 1106671000120
716
3692 8696017833692
4202
5415 4227463695415
1174
425 8380059750425
3814
1437 5974984591437
765
3210 6119886913210
6892
4273 201567124273
544
1213 258356071213
4098
7678 9990191987678
3928
2009 2238771972009
6715
4696 4987921214696
277
2978 6508821802978
6543
1988 6839699801988
6566
3297 257239013297
6741
3836 5940243133836
4026
1269 3121502981269
4607
775 9366061240775
1618
4123 204583914123
6525
6242 4709504006242
2178
1256 6800906951256
2510
3821 9138814953821
469
1699 6302171161699
7618
6885 6095368826885
3830
638 3090652100638
2423
1615 7667623611615
3528
5769 7104884535769
1140
4012 2025826644012
6672
3479 9009343813479
7400
6587 6489575266587
4992
489 5004196010489
2885
7289 7215187007289
4740
5356 184386625356
1921
4426 5623617044426
7551
6704 6079484756704
583
5507 3123546785507
2167
1176 9515538751176
6999
6014
5287
6477 3136413516477
492
4750 8172973734750
7573
6256 2668637336256
2414
1817 7557544251817
2391
1972 5607454081972
2091
4767 8869177874767
6965
1689 4800582731689
1352
5350 354729315350
1922
3492 1851960813492
2449
2375 3159514292375
2721
911 4386361140911
3560
386 3556518620386
3494
5031 2166949165031
7294
4409 3162332654409
3698
4678 2654133374678
7890
5541 6361395705541
531
2046 7257226222046
3479
5590 333031285590
2189
7794 9762550777794
7721
848 4818664730848
4913
833 5498695190833
1259
1556 334723331556
5294
5380 111262985380
1471
5361 66775885361
5829
4778 5683157094778
1271
1397 589602451397
792
3736 4747199523736
3072
1333 642530001333
7455
7362 8024770687362
5180
2430 6379417732430
2399
4023 9156737404023
4225
200 2951088110200
683
1962 1585202461962
3972
7356 2183951307356
7291
1463
6795
1238 6815505961238
1404
3092 3124360863092
5555
2135 8781893382135
6919
2036 6754134272036
5062
2269 838655982269
862
5992 799847585992
6940
663 5153508660663
1333
5834
7026
1467 9867350211467
1116
1969 1251684871969
6834
4158 5603348164158
5380
6849 9126393776849
328
5235 1202086315235
6007
3633 4368867343633
1780
1566 4823104721566
969
5076 7294708605076
6917
611 8058982820611
2680
4726 9416295154726
5931
4578 4989700034578
1539
6225 4843127436225
1157
6813 6132453826813
7575
4603 6244680554603
4004
7360 6994349627360
6287
7552 9372070397552
4257
4488 3314909944488
1347
1656 1193875331656
815
4562 451251704562
1543
7863 2303127247863
4548
7228 329006347228
6572
5023 7539678025023
5723
3640 2175318603640
2764
2679 68487212679
5130
2863 53644652863
4966
2695 9733253852695
1849
1557 5199758091557
3366 2334721293366
4888 9276801094888
4364
3008 3468080673008
7890
7685 7560305187685
3351
7711 5656227997711
4634
4456 6652508364456
6238
2179 3382257122179
2149
7144 7215953447144
6454
7783 2535270017783
106
6019 7830628646019
1096
5190 6155824315190
3226
389 9967181390389
4199
1399 2843666011399
1407
2465 7345008972465
7884
372 2578938050372
6998
5739 4712568975739
6555
3675 5817519383675
2644
1398 7831993471398
6237
1401 1465921431401
6613
956 238189300956
3472
7509 9124262437509
5739
4448 7044975364448
5298
2990 6155563262990
6954
2703 4632513902703
6798
6560 1039195646560
5914
2116 3891515572116
7562
2510 2591099562510
527
3162 5078095063162
4812
4934 8497634104934
6838
1613 3993375821613
3973
2270 5353513512270
2541 3689618132541
3535 4827447873535
107 1897284430107
5644 3971596295644
3992
7306 8367011237306
3918
2412 8028776132412
3306
7504 9910844887504
4402
2499 2337694552499
342
158 54099960158
7242
3973 8923204163973
7733
6090 5713331926090
5107 4778927085107
3516 4231228843516
5899
5116 9584771615116
7368
7281 3939074997281
7584
1228 8981573801228
1187
3763 4470468903763
6876
3688 9755778053688
5341
2199 1891921312199
3876 6363524653876
5708 6295877925708
1678
2601 7886057052601
3218
6282 363546106282
5057
4104 3528845744104
3949
6412 4144447706412
4797
6430 1396748256430
6847
5917 7576628875917
7319
2364 3964952364
3536
7505 2341522177505
162 4860543910162
2090 1062471962090
1419
3425 5237268103425
2028
710
2127
2447 2832543202447
5750
6601 4417811846601
1897
3463 246286483463
4475
929 7286221730929
1592
1648 4023566481648
2812
4994 6342228994994
2368 4478820412368
4187 2721776424187
6303
6960 437771476960
5286
5488 8155902085488
3681
2202 6748686792202
1658
6544 3634311626544
73
7282 4994876067282
7012
3412 5103430863412
6687
6313 8164698466313
1137
1727 6036047891727
7227
983 926961390983
4407
287 6893818830287
3942
2771 3574740632771
3651
1846 1074366201846
7347
372 9681297180372
3333
4976 878983624976
345
272 4430819550272
2135
1470 4285628231470
148
2732 8031530632732
706
89 6148305380089
844
2266 918162052266
1072
2592 2367758102592
735
4150 4856034944150
3687
6456 731616546456
6993
2229 5285773462229
420
4408 3353440734408
394
1311 4469429401311
4606
1063 7113099481063
612
7119 3136842077119
4348
7768 8344114177768
6358
4423 9397265844423
2311
3991 5184138103991
4799
851 1584016660851
1976
7457 6445386667457
535
6590 1178527646590
6391
3617 3067383233617
7443
1385 4605090611385
4447
1118 6138173691118
948
1115 1235496881115
3047
6967 9252880586967
2642
2831 2477701752831
3072
1694 3002418671694
5254
479 7106964360479
4872
891 3740650530891
151
646 680666720646
4207
1680 642699961680
7135
1063 4207567511063
6259
5679 4789868875679
2089 8656489012089
7605 7812895317605
4486
4236 4905170294236
4120
2861 2388919522861
3840 3293278383840
1769 1531704551769
3914
3495 853771543495
5249
7117 6681715507117
6339
1298 208828521298
1269
7849 2343003587849
2602
5377 882379055377
2004
2052 6459221292052
4668
433 7742466690433
4506
62 6941615670062
6046
7637 9120149807637
1899 2934066201899
457 7474019350457
5993
4928 1176827554928
8
291 2913819530291
3219 1710570423219
7478 2497069077478
7543
5192 230335075192
6515
3143 3873324823143
943
6808 5079300866808
6923
2692 2926305252692
84
3829 6204154863829
4313
6962 772586666962
966 2636371040966
4633 4481767404633
2635
1465 8367935321465
3045
7551 871964487551
7857
4584 8032191574584
4869
6462 5284560956462
3833
1993 5069080291993
3742
6832 6583544816832
1198
3779 3296922193779
1870
910 7469656330910
5588
694 166632490694
3116
6253 5784705036253
2467
5017 6300678615017
4611
5634 5492978145634
3037
1406 4977820131406
4833
5548 514992375548
1419
3861 2773099463861
3981
4012 1015607204012
2813
3944 8453314473944
6394
4254 2670366274254
3078
2986 7463694482986
5107
2783 5162162962783
5738
2277 2611736772277
7463
3426 6123400183426
2516
7473 1044112317473
4215
3416 3825783263416
7415
6887 3393013256887
5069
3125 967235873125
470
2225 3770795262225
2489
4573 1170025544573
6606
3231 83626793231
797
113 1149319800113
6235
7347 2658543747347
3434
968
5110
6921 7860309346921
2168
7658 5630458817658
5188
1715 7311481431715
1390
978
4143
2458 2119805262458
4323
5475 5651001235475
1484
3713 1692451103713
3598
5758 5791280885758
3358
3773 9622584713773
1072
1241 4503729821241
685
3386 334580603386
322
7079 4902555197079
6896
5485 5518043795485
2351
538 2997462400538
5989
6075 1596131186075
4994
4715 2929724594715
2036
6380 1070672056380
391
7833 8879345667833
3621
563 3046994590563
1567
5416 4410070135416
11
756 2727579820756
5261
2955 7936786622955
1320
6160 6775028476160
3004
1372 1650340011372
5027
4448 7066150894448
7170
5230 9651198735230
578
3511 2422319033511
7090
3160 3968101283160
2268
268 1341440010268
4456
2347 4648390162347
1667
4989 1088225314989
7747
2875 4539765112875
2289
6021 1856080396021
5890
1708 4521554951708
7443
288 5853349500288
4899
2589 7188896622589
620
4288 9659607874288
5744
2779 4889667722779
1579
2969 5999394592969
7453
5367 4989859245367
6358
4056 3414107944056
2991
4460 6492176734460
5121
7034 7484468767034
268
5139 3818400815139
6550
2359 4385749572359
7248
2070 8353705532070
4173
5686 1844769335686
1146
5163 2367099955163
1027
3390 7394506233390
6249
5571 5246116625571
3455
4060 6028804114060
3380
7000 1618183487000
3951
1861 6881822021861
142
265 7481077350265
4483
7301 3893035707301
3046
4261 7749223394261
5748
3930 868886013930
6822
6483 9231032026483
2433
5535 9799932765535
124
3035 133709493035
3187
2966 6745599172966
2006
5235 5244408045235
1847
62 9703897190062
4550
2882 8295659732882
1371
6332 7103355166332
3035 5550811053035
5336 1928420545336
3968
2717 2464567632717
3751
734 5914961360734
4334
1997 9473302071997
1304
6032 1150775426032
5165
6439 7972306056439
7473
3989 4663861413989
4730
5416 5223514425416
5223
5097 5340607095097
1137
6697 2598067306697
7207
7859 5560640287859
6794
5845 2304679975845
4118
2008 4995454392008
6016
4669 9351033574669
6011 648305396011
5211 9435024915211
7629
4951 7869836794951
5620
5072 7262993095072
2771
3251 8127021033251
7281
6184 2869012786184
4675
6632 8366392646632
4249
5864 6236738785864
2816
7288 1101748457288
4430
4772 510337894772
828
5105 8842818705105
2589
307 6651926140307
6589 7324929666589
3299 2146923253299
2234
5602 1746274015602
2101
6037
7778
980 2160682850980
132
1389 3066433621389
7251
224 3075984490224
7606
7475 7669983057475
213
5476 7827342895476
3109
4498 8516880104498
5356
4347 6345856794347
2888
886 6602098210886
5619
5686 7180602365686
3290
1523 6236857361523
2081
2556 2031171702556
1729
250 8956535210250
6465
2671 213287282671
6214
3615 5792109923615
7647
1154 4436229401154
1809
4557 703496794557
4852
3696 9308084583696
2533
718 9925097450718
3226
7560 9060049617560
876
3944 787646053944
5703
5268 3644715505268
3816
4910 709850994910
5933
7145 688876647145
441
5795 684998305795
4106
2186 9810771992186
5651
49 2079052500049
1387
6271 9314863106271
5444
1199 5114272121199
4862
870
5400
6108 6686712886108
2186 5603593262186
1039 9297727001039
6114
1409 5330256331409
4767
5453 9684874455453
2794
2753 5095568132753
4909 6388455044909
4105 7040833184105
5574
7191 6541311997191
7658
3328 5714805373328
3003
7783 3279102157783
6008
905 1701917380905
200
1406
3260
3664 2615890433664
7334
2097 329852092097
575
816 1440430200816
4676 7899365644676
5359 7218793945359
5304
6022 6604154476022
7787
1020 6843511591020
1491
1370 4904528321370
7647
2950 2045567232950
1822
5112 4703756375112
1891
3986 6044421403986
1308
2935 4780736942935
3603
7290 3517220847290
4737
6203 1729206626203
6199
2802 5329624462802
5883
6673 5399324606673
6121
1647 5136962621647
3441
1795 5609605921795
2682
3186 5748895913186
3949
1391 1823593181391
5486
5496 964447565496
6235
6127 8997959606127
2878
2990 9350760292990
5741
842 4624955570842
7256
1091 6966670481091
1305
4133 1575261194133
2858
5043 6118553945043
2851
5615 6815803275615
6701
986 2810871280986
5768
4657 5935395624657
1249
5498 844899955498
4045
3290 6590581693290
2356
3179 1632762623179
1505
2920 1141077072920
6198
7116 2047161047116
760
582 5370003140582
3398
5654
6032
6370 8402934166370
5905
6686 3394991876686
6044
6286 9155374686286
1007
622 234947240622
4151
2964 5842430042964
604
3652
2033
665 8863700410665
7198 4399864857198
3587 9676871823587
2910
3114 5630650493114
5134
5573 6607508535573
1725
5364 3285948725364
7424
5718
461
7452 9435451407452
6559
701 8538108160701
7244
6353 360626416353
4721
675 6835965440675
5770
7506 72461047506
6068
790 6616214010790
784 6991610640784
2284 4000170802284
4499
5792 3227391455792
1996
7287 4580729997287
5385
1593 804533861593
3262
4698 549948044698
6692
3631 5156351653631
1221
611 6162725910611
4809
5938 298993265938
7679
5824 6595130595824
1313
7490 9266049187490
7022
6529 1947222316529
4088
4766 8366559024766
7513 6484019647513
7688 6169472147688
4429
4948 8004067854948
5419
4438 3921121764438
3147
3796 9140120783796
1729
4465 6015907584465
6624
4444 6091360594444
4900
7397 3080421167397
3892
2631 9385635382631
5394
1539 898698521539
6336
3802 4457622443802
2853
87 8623093370087
6838
7326 9309521657326
6552
3311 6330974343311
7666
2365 3878284392365
1021
3638 7911759973638
6850
7879 6580576747879
6839
5395 5232615965395
4736
3556 3915241733556
2783
2023 252689132023
4661
7463 4904088617463
5682
7194 9153958787194
5552
2240 1536189372240
6304
5963 3743333375963
5622
35 4302767430035
5522 3876796535522
4488 1203858424488
7749
1627 3011469631627
4036
4473
4520
4724 8705052764724
6663
2759 7652259612759
3288
6873 2474811366873
2893
4761 8020825144761
6507
735 8699302320735
1649
1564 3869763331564
7802
1113 4419108341113
56
2476 8926149442476
1352
4097 6877917224097
3147
4252 5962290694252
4537
5074 5081008535074
3351
980 5639598120980
7584
7125 2433476157125
5445
6585 8234497336585
5316
1952 9844208021952
3953
44 5598921240044
5273
6141 8842970076141
4499
3625 7778650193625
2256
5586 1871350475586
830
707 3253448910707
400
1744 4135327391744
5896
7751 2679572237751
3220
5321 7184320245321
6263
4382 4658321934382
7203
389 8045747730389
692
2950 2338062572950
5735
3330 209855813330
319
7045 3946996357045
7400
4004 8689901654004
6460
3550 5236563163550
7536 9102571157536
5383 2921556105383
740
1235 313148941235
1037
1532 9948163081532
3603
933 2162242020933
1666
5279 7933393215279
5490
469 9611561020469
1052
3265 3504039013265
2767
252 689026760252
3783
2345 3418421442345
5777
5544 4317675765544
1418
89 4397065190089
3813
4341 3842076754341
5064
7375 4212176387375
5093
2509 512308682509
5289
1673
1405
3586 790862803586
5691
766 7517298390766
754
7870 7695442307870
3758
4368 8299190884368
249
6068 566004876068
658
2975 6651802532975
6890
1853 9629909941853
3269
1588 2278186881588
2933
6371
6488
5202 8087237645202
5212
6477 4454369826477
5877
687 8208873840687
5281
7357 6715532697357
3969
1470 5247698251470
1750
473 9530116290473
1960
2998 5154809582998
7791
7823 3582219787823
616
88 2083412960088
5789
3315 7580779203315
2852
3623 5581073363623
7086
1884 2147035231884
6977
1306 8800621391306
1956
5418 2425845025418
3833
6091 6824823896091
4100
1817 85349901817
3865
7185 7808408397185
3779
5147 2194265215147
3347
5554 9417466505554
5508
2107 6529135952107
6336
4781 5111981164781
5740
5590 8755590935590
6907
5767 7840710455767
3238
5693 1585200045693
1546
2505 5161962042505
2378
520 7573688150520
1031
3130 2492023433130
2035
3867 2341890533867
1207
4887 7615072604887
7776
1774 9604662751774
2162
5267 51685465267
9
7289 9059237817289
1826
4249 5779041404249
6204
3114 2439820673114
5927
138 8359186000138
1632
5880 7774819985880
3209
5126 5122682575126
3623
6622 6523999826622
6014
6760 9098040046760
1687
2188 323799822188
5471
2444 847258912444
7840
2209 6574646202209
4546
6659 504374896659
3782
5986 866288405986
4304
1940 6500664611940
3337
4651 9988667974651
5574
5225 1924599195225
2805
3425 2691091733425
437
7781 6046415587781
360
911 9627782460911
2642
2460 7055429502460
7724
5038 4091805915038
5750
166 2914567940166
2497
6042 4357808646042
3258
5778 560490015778
7187
5286 3684299055286
661
502 8266183060502
4562 2564226504562
6273 8620488486273
4541
6862 2156771436862
1234
4595 3608899674595
180
5798
3869
3756 818466203756
6873
7067 274186457067
2260
5204 7369157855204
5485
6120 8169461486120
7603
2100 8998928022100
7535
945 9085996060945
3785
88 5867199000088
5997
6785 4700178156785
2693
4770 7266022984770
3096
1863 4944676901863
310
887 8412910780887
2393
2567 3991542132567
6793
336 4070617840336
6228
7279 89735507279
5113
6433 341525796433
3464
2345 4403537142345
1252
6080 3852478166080
189
1582 3708519631582
4338
5282 4818350585282
4335
5303 3939486595303
6488
1617 3521408261617
5521
411 1151496960411
472
1043 7909093411043
775
4028 308853014028
3931
3946 6344961963946
4435
4151 8348253374151
3405
5058 2194796705058
5741
2069 209261942069
516
4064 1421983444064
7034
7227 9925694697227
6612
3588 3268710533588
1028
7608 936661377608
3981
5965 8181481385965
4408
2344 3582344102344
523
2744 4221030192744
2956
2671 8570385772671
4498
2960 5441486872960
3069
5427 4089676625427
3109
4406 3230277344406
4839
7285 896452357285
212
428 9651474430428
6527
2080 3193300152080
6904
1417 4180054491417
2358
6369 6739632726369
3690
2243 3752915072243
5791
4347 4244498754347
7526
2499 7693433952499
1789
913 7961719640913
166
5039 6734789265039
2498
4828 317167134828
1819
5062 5829745905062
5056
6493 1854145716493
5111
1501 9410557091501
6795
589 5105166500589
7318
3359 2668047833359
3883
7584 6328609387584
1691
6674 5858490036674
1039
3351 3823112453351
3151
4571 8302246784571
1187
3343 8847999393343
4617
6871 2800541146871
88
6390 9775649976390
2225 1671675762225
1471 5559711751471
7680
3213 2087089333213
601
2461 174162342461
6485
5987 626845855987
3631
2390 1815110512390
1261
627 9215907560627
2035
3903
2641
5375 1340644585375
462
2736 1942700232736
5346
2167 90891072167
3497
6699 636534756699
2126
3081 2092351923081
6714
2302
644
986 218574780986
4715
7012 2427313477012
2819
2187 9128338752187
1387
7861 9938943547861
409
6757 9163119656757
1235
7295 1102930597295
5434
1159 6246329041159
1544
1815 5569596221815
2234
638 2279639870638
5700
6849 2679262216849
948
142 6644896880142
7713
5166 2363986175166
4030
7638 6320919947638
250
5502 4241474485502
6116
3856 7509324563856
348
2048 2235122222048
5784
4343 4871761924343
3268 7865247233268
7042 3136357237042
2952
3344 1328988223344
6048
1363 5524753981363
294
3950 110289323950
6732
2025 4776871412025
7541
684 7005310390684
644
769 7429516580769
665
3984 9032618603984
4029
6583 9417499026583
4081
5011 997140125011
7512
3343 5572849853343
4199
6210 7838417196210
2973
1512 8907005951512
6454
2566 3831306012566
5813
5246 7880422775246
5896
2755 6228164492755
5263
1236 9280383931236
3972
316 9410140820316
792
1855 5828652741855
5518
3520 8707297323520
4403
6970 4128798916970
1626
7010 1172997507010
7880
1952 1645369531952
3138
4462 9765646834462
2596
5192 8862041375192
7425
1278 7383549311278
2409
5428 9277190135428
3175
6702 9369094936702
6623
6276 6723990476276
3665
256 4486159740256
3492
1340 6740273731340
6173
2109 5706126722109
4081
5321 9865867675321
6357
7288 7981041407288
3592
4376 881123954376
965
6212 9544036976212
7077
2330 1400584262330
5492
6304 8078705026304
6933
7742 1786481957742
1433
5712 9842390385712
119
1908 2002490711908
4956
4199 8346337954199
5688 579505625688
3322 3272893423322
5437
7158 9249685217158
2283
1671 8106433191671
4593
2632 3703053272632
2164
1534 8378575551534
5020
7355 9620119617355
814
5262 665401655262
4438
1074 9618881501074
3087
7273 1612905297273
6276
2559 9474745632559
726
5173 199971915173
4385
4626 3634495604626
150
5824 3841459765824
3992
2003 335421062003
4212
3511 6619257563511
83
5391 9440350525391
5516
6172 7500960176172
1091
2387 7344678362387
1632
3034 861424673034
4816
4458 9025609404458
3213
2166 5027518702166
2698
3428 6679600423428
7358
7417 947543757417
2984
7025 1909645467025
3949
4558 5044470294558
5428
527 7982481990527
5255
668 8165508490668
7463
109 5702285180109
6916
1629 8564096521629
3972
3070 4186402313070
7630
7078 1886109977078
7285
4490 7432987334490
2851
1578
3412
391 4013953780391
5054
1922 8948660911922
5030
5354 3423094445354
3961
2259 9232649362259
6746
104 3941629280104
904
1629 149221341629
1606
422 1373182650422
5684
6053 3703766416053
7855
1868 2070576811868
846
6600 211457056600
3689
6250 6053383756250
4431
6574 5364041466574
5201
7709 7602521677709
6982
2272 6850187782272
5879
3300 6344219573300
2254
2277 3485513552277
7176
835 1600159580835
5900
4724 2917491494724
6082
6630 4309088706630
3095
7200 2554699867200
3767
769 6949294120769
6426
2343 657102532343
2261
7318 3029357937318
6338
7683 6914801197683
5556
6600 2395254256600
2785
3631 2978580803631
3596
6297 4663461006297
7806
561 244172260561
458
5246 7923029135246
7051
1727 3002458301727
2624
2539 2091518392539
3486
5355 3480931835355
5425
6376 2410356646376
3262
6257 2417209436257
1226
4024 5534899744024
4684
7315 5053382497315
1955
3860 7195219703860
7169
5908 1697412115908
7765
4405 3184561094405
1180
6742 7739632226742
1930
4217 5218373734217
3146
4207 2688700344207
2854
1843 5103974421843
309 4095275260309
2118 8153789222118
1268
6372 5777818476372
7543
3293 8422319493293
85
802 2856183740802
5808
4866 4307403024866
1107
3278
645
1869 7220978441869
413
2844 4932552102844
4703
4326 1417617584326
4428
3698 3650256043698
1404
2606 9445121642606
5193
1780 1781042661780
2953 9889347142953
1504
3652
5886 8162452275886
6871
824 9011029830824
613
4787 6457859594787
968
1547 3535097231547
1655
1439 3383488191439
6938
4871 1475678454871
3007
4843 1847266644843
7856
7046 4484505277046
556
1368 5149109301368
2368
2332 1726133062332
4543
3356 6251135193356
6428
6012 1930693426012
4033
6625 5343727326625
1608 9782701611608
4322 5642994984322
7094
2666 4851308092666
6688
3147 5927273493147
5360
3442 842071393442
1419
329 1407534160329
6598
3822 462937543822
5753 6811832615753
6729 5033378406729
3222
1502 8045554301502
7688
537 532713490537
2414
7414 2620936147414
2762
6008 3995373406008
6249
5727 7326739375727
1769
7549 22576697549
960
4914 6549780934914
3235
6261 3212055286261
671
509 2601241660509
4698
5677 1295868365677
4945
2608 9007344772608
7278
573 8025021220573
5296
3815 8599807113815
654 9925663080654
614 9141247800614
6194
4168 8801886604168
2727
77 4950364220077
997 372893470997
4157 7871558154157
6447
1681 6001210051681
6339
4759 3440283274759
2323
3395 1294330673395
3604
6993 4152207836993
7783
7832 3773970397832
5322
3929 9773404263929
2090
1963 903071851963
1116
3587 3563246213587
3923
3310 6528594103310
3045
4889 7992266074889
5635
104 5886411410104
4220
7029 9773511557029
6718
2355 4115086692355
6868
138 3557782360138
4599
2563 995793432563
5326
1202 8500970381202
3095
5771 8091456535771
3959
2580 6645613012580
1863
1467 4238040881467
2752 9906825532752
5031 8560413145031
3824
4548 7953315014548
4149
3138 5561081863138
7115
1019 6218712551019
5096
2789 2113702002789
3527
908
105
2219 5131159232219
3235
5850 579909325850
1761
500 3092729830500
6341
7232 3562448517232
3642
2540 4208215962540
2132
778 7489026970778
5009
6596 6495376156596
5126
2343 6225220912343
431
5582 3795476725582
5914
7313 859996857313
4495
6222 7361990886222
1769
3862 6338926813862
3552
319 9912542300319
4861
3473 6448902063473
6883
1472 2993869971472
6158
2472 2055825992472
1078
3146 7723738283146
5704
3236 9985619113236
1801 5057182031801
2825 6741721212825
3568
7329 9845256397329
7081
7489 9433547167489
3204
1269 366613591269
30
3860 6355669213860
5710
1051 5777951821051
1967
2829 9355270382829
3131
2031 5286822542031
5220
59 6464810110059
3694
531 489515290531
3514
7333 2554635757333
6842
1909
6291
7545 3713074257545
4866
3058 6310915853058
3567
41 4536722160041
3600
2220 9642449452220
7614
6891 5196583096891
986
7768 7922246977768
6868
1911 6145943051911
1384
3493 9782039753493
664 3055707380664
2908 9327560212908
1711
1550 1615197111550
5128
5233 3743232335233
2651
4361 686601404361
1927
3895 7960976193895
844
2030 9172294992030
4973
2502 6216032602502
4445
4558 7883012894558
1714
3321 6091369823321
5434
4816 5458651984816
431
4876
3840
1226 9934003201226
5501
4581 4795109604581
2439
3282 8717158663282
115
6802 6501399846802
926
4804 4267643554804
3501
3113 6907871443113
2860
1212 738837791212
7817
2336 1892935562336
6360
2698 9446523032698
3372
5898 7306218585898
3781
442 1088952520442
1708
5650 3911923195650
7281
5661 4062174665661
1506
5515 4959393665515
6035
7843 7632602767843
4659
669 1766868910669
1778
6580 1518746946580
1185
962 4704801270962
3866
357 9536509830357
2106
4938 9982736464938
7271
5937 9249848075937
2452 6192686532452
4386
2771
1644 5989714851644
7300
3779 7837030623779
363
6409 9294763256409
2866
3734 5891853003734
7025
7761 9983146747761
1163
4845 8276554484845
7043
6688 9826440086688
6793
6383 9016952756383
3527
703 2646619570703
1121
7013 438652777013
7324
558 4626445200558
3709
6605 8155229526605
4008
2948 3116542522948
7350
1939
1472
1467 9537457771467
7768
5107 6138444685107
7256
3176 7783781543176
7172
1985 7558458591985
4168
7030 3447817777030
2895
1885 5707411991885
2216
1295 7523256441295
2698
1914 8395382811914
6784
5718 4351575815718
4734
6929 2791689946929
2135
554 877658280554
7352
7600 9998016827600
5178
1636 2586161351636
7881
305 582796610305
6305
6910 9763661376910
3827
3022 151547943022
4678
4923 9391678204923
7208
781 2340316300781
5590
2941 3428985432941
6956
1151 2897116421151
3371
6877 279111876877
6043
5077 4355150005077
259 8762802410259
304 1604033670304
3880
4259 4020484464259
1224
1618 422730821618
5335
1612 1874104161612
7710
5914 7098385435914
2316
7455 7423579217455
5833
5143 2996723645143
1118
1063 2730549011063
3048
4527 2799854204527
6404
4352 2946127714352
1195
3222 8569847463222
326
2968 3720035642968
5187
7419 175088257419
640
1541
4572
3900 2167379373900
2284
1024 6205008711024
3508
6034 2788816726034
6474
1425 3020949231425
7625
4411 3075799124411
6941
1456 689028671456
7056
6447 5967693616447
3090
5205 4209227485205
4744
3300 1504423123300
6198
977 5306140740977
1879
3801 5603528953801
7085
5816 9331252395816
7195
3255 6726529843255
2877
2133 6472780162133
4330
2459 5457179412459
4112
2678 3485647922678
7059
2258 9504773002258
1270
2022 7242433992022
3786
3188 1753974163188
2348
1402 7346009541402
4361
3049 1906652903049
7899
6242 4572541396242
5341
7439 5504610827439
6593
409 163931600409
1744
2756 247097502756
6915
7186 8413698687186
7740
1591 502738451591
5966
1474 3109735841474
6659
605 8767921440605
6625
560 460305170560
519
1076 93540041076
7306
7138 6288117727138
4942
6667 7035280816667
1451
6961 574902736961
1156
2164 1590432512164
4394
5483 3251727275483
5674
6828 2838060146828
3294
6414 5907304376414
7303
3516 1265069903516
2372
6383 4048925836383
7286
6450 2862863796450
5629
4544 4387229684544
6036
7830 8825955407830
1293
7745 9897525727745
5389
4624 9153996644624
5881
3550 4435060473550
4435
1715 7368092161715
2513
3661 5856571143661
3376
7839 7110792557839
1707
7213 1552136997213
6495
3800 9223096273800
4280
5041 8377202675041
7179
4721
3167
505 1853160150505
2160
6976 311403906976
4661
5740 7673490085740
1137
5982 789406635982
7357
2570 8415061612570
6744
3290 3066021743290
1845
3423 3585006863423
3707
5389 4123418405389
668
6822 9734516016822
7149
7451 8905382947451
3371
3230 1568201793230
1467
2550 417199802550
3900
4952 5336311274952
6992
5617 4539657615617
2873
2151 6350796242151
2884
4899 7027111634899
6745 3803441606745
1807 6793166641807
585
3822 820059993822
2669
6218 1036563116218
168
6680 2906874476680
1950
1012 5017240981012
3959
4727 7526014244727
7047
5980 9475353835980
3052
1107 9770043281107
1279
7540 6085072997540
5281 7672583665281
3379 2098643753379
6655
7603 986274117603
3651
771 1955755880771
3061
6214 3714692376214
7469
4459 7927034134459
6983
772 1595200110772
4384
2057 7637016552057
689
2914 6657975882914
3525
5091 1485480855091
7409
2559 8563501982559
6596
2687
888
3743 2665897033743
3048
1103 3630605391103
922
4588 3703448284588
4613
944 4330315650944
1461
5942 8351854435942
6406
1916 6620621681916
1580
1765 5465638291765
1081
4026 2360840754026
5497
5866 8828478175866
2055
5071 4283664845071
1946
1887 5544979511887
2819
4437 4812066734437
4762
2770 3393574742770
122
6283 7079214846283
6482
6600 8038147166600
1559
891 6505562200891
2135
6205 3646129886205
5169
4669 6616365534669
292
4511 2257520134511
272
5676 1619320975676
3811
561 1557544620561
6178
5269 2043726205269
597
4655 8378392014655
2318
3478 9421431693478
779
5137 7488444585137
2244
7260 1459044737260
6525
558 3201044730558
5881
1150 4299805771150
4988
2538 7443015262538
6971
3911 3262162823911
1471
692 3212536370692
5577
6880 3083349146880
6751
3222 945192843222
6963
3013 2921512323013
3849
2663 8041896482663
7312
3543 8937219713543
158
6022 5987453706022
7209
7069 9969721577069
7076
6175 404531066175
1541
3517 2751863723517
2245
4740 7366644614740
2088
3228 9572090303228
2345
4392 5303749254392
1132
1214 5729681741214
445
6671 2057839536671
7828
2664 7980009362664
687
2515 2788917712515
2280
6291 4007842996291
5661
7898 6474273367898
7164
7238 8216498017238
2197
1797 1642158511797
4142
1780 6139355451780
5176
907 7245595770907
5100
4014 4856732714014
2383
179 1420532140179
1048 2989748861048
3517 1767506843517
7807
1812 4690197111812
1866
7501 4533465787501
555
624 5042153670624
6640
5892 8922025965892
7046
7401 6397908477401
1716 4329208081716
6100 5886945086100
609
7221 4774604227221
639
7629 4326227867629
6395
7599 9700294817599
3879
3934 3788245673934
958
2036 531723972036
6860
3232
3682
7489 4684558527489
6250
6458 6007988256458
5477
5590 9071553475590
1364
4401 9287565694401
6251
7278 273309257278
5607
5819 4748862745819
4832
2019 6153571362019
1669
4870 8095129334870
2451
7326 9530387207326
5089
5711 2058577735711
4553
772 6961631670772
2177
7683 4167948587683
468
6744 4882454936744
5154
5643 6728234065643
7136
4549 1905444044549
4895
2937 9871543732937
2137
327 9231068440327
7103
2209 9288463852209
5727
7833 6823827157833
5911
7801 2480227947801
1196
3595 2534598563595
213
6349 4304044546349
18
1515 4147623461515
5876
3481 5412403263481
2378
3462 3974217973462
2188
2890 9131484682890
6644
5455 5354152935455
6493
3679 1965696623679
3267
881 3730708360881
1082
5329 2745624775329
7564
5078 2092996805078
22 7263076160022
3175 7062906333175
1188
5442 4398077055442
339
5433 4388116215433
5780
5610 8520845865610
5915
3492 77700913492
3882
6897 8367372766897
1997
6659 3148121376659
6716
3138 2108957743138
120
5648 1793593725648
5307
5399 450557765399
2909
1594 3238535261594
4037
3853 3710502373853
5580
7575 8778346647575
1137
670 8065748880670
579
6548 2209793316548
480
3812 6929669323812
5265
3112 3765927353112
7297
1119 5299194581119
5089
1834 9315575451834
7306 9804545587306
5497 7050034375497
6356
2210 9356754402210
487
1707 4290042731707
284
3026 3946961043026
4009
2247 993718022247
4589
3035 3948470343035
5133
2960 392934792960
4782
1422 1842210211422
5803
2121 6082444632121
5913
3717 1463343373717
6161 3584037596161
6551 9755178176551
1745
7612 4969893197612
5487
5466 8085798325466
1905
4251
4050
3740 4342567603740
6320
5715 5000246895715
7107
7831 1680101747831
6499
3504 237555583504
2543
7717 2275685157717
1058
4391 6564121154391
86
7085 6175872247085
5153
4601 169577414601
1556
3319 6848373803319
3971
1412 857820251412
1743
1974 942741241974
4439
1618 6922765801618
5723
4704 8450929144704
1545
6395 747454686395
1186 8368930411186
5611 9515412505611
2618
6767 5165285196767
211 3137442220211
4252 271367224252
4482
223 2491136050223
1788
1246 5249248111246
6390
2420 2581221472420
4709
6802 2390391766802
3849
4736 7845909124736
6292
2088 2659586402088
146
5980 849113415980
3383
1066 5892845171066
799
3037 2046963963037
6586
2918 7229781472918
1658
1782 125118621782
1055
386 1170882090386
6746
5811 5311174445811
1924
4024 3163518854024
7613
4933 8823470114933
5899
4809 8953733024809
6992
1516 7076451961516
1660
6987 9065241916987
6499
5524 4506292315524
7067
6560 3827481236560
1522
7549 736338287549
6274
2821 4947856842821
3035
5704 3492601725704
6789
305
3488
7148 5968823187148
2743
5913 8734355465913
6981
6813
2119
7608 1045228717608
7554
836 6524227020836
3193
3531 7620604863531
7224
4537 3832114214537
7132
5428 9468266665428
4923
1239 5696608781239
1361
6259 8474366996259
6074
3652 3459917583652
6399
7103
4327
3188 3625338693188
482
5964 5305571155964
2368
1369 1052765441369
5549
2504 2770601862504
4035
7374
4094
118 1599218290118
2278
7440 5795282817440
4706
5523 8150214135523
5784
5386 386053425386
1780
4649 9463188824649
1599
3118
914
6637 7505935976637
4738
6362
4368
6373 2503771826373
7585
7057 9386363087057
3259
2072 5420844562072
6544
3077 8509029103077
1098
6015 5149328526015
3987
3541 3024302603541
5691
1405 2788855451405
6759
3364 5201586963364
3553
3938 6416176633938
1931
1860 5983799171860
3043
2555 7579518222555
4018
5643 9790413655643
1591
4707 472642344707
7045
6320 3025582816320
2951
6160 2033036156160
4289
3081 2462203193081
1136
2505 3015440642505
183
3004 717045263004
6269
7823 3147809897823
1985
378 7680566560378
7309
307 3853124110307
3294 6260049343294
2218 2294056482218
4468
5101 8128158325101
3767 888276753767
3487 1963906473487
877
5584 7827675625584
3579
7345 6227036687345
2421
4777 8617972554777
6613
2762 7712860222762
1031
657 1143317030657
7185
6730 7709739516730
1260
3642 5800245023642
455
5085 9550918815085
1923
2577 6587863992577
4684
3569 3426409723569
1492
5086 6443735485086
774
3107 7091126913107
7190
4263 3857652634263
3434
486 9376332280486
7377
6749 8058731166749
6101
5797 7902969515797
964
7676 4900577607676
564 7643813590564
4352 1889388824352
110
5906 3319747855906
6116
4313 6738279474313
4057
1756 9313296731756
7672
1578 7598992831578
6614
5205 590053495205
12
4259 4422920174259
584
1699 3032456301699
5065
1297 196072121297
1650
6179
6081
4726 838894854726
5295
2713 3850997052713
6991
3376 8228289253376
2116
7058 3038996167058
795
5041 889591615041
1823
4479 2754070764479
4444
5662 9292001165662
1316
5200 7589712005200
5232
6543 7018851056543
36
3222 5519112383222
1039
7837 678135997837
3330
7363 2866544177363
1206
9 6118869130009
1676
6424 4209690996424
5968
5786 469544355786
6492
4201 3915296614201
7471
7827 9722288627827
7861
2734 3027000602734
3120
5298 7253348475298
3419
2290 9768924932290
3669
4850
668
1412 5917843791412
6476
7778 4765719737778
4712
2673 469730032673
312
346 5741663690346
5377
286 9852033910286
5776
6380 9522041976380
5150
2346 1745735082346
1750
5030 203118905030
2756
5564 5074061185564
1868
3050 5088626413050
6638
5481 1060205435481
689
2018 4755126962018
6175
5213 2241011885213
7136
6694 5994296886694
1871
4625 8449786544625
3815
1738 1913831501738
6723
7372 1145646357372
7629
1943 1752468891943
4549
4404 8255954684404
6886
4995 1541860824995
4576
7330 8205502967330
6492
829 3900775330829
6444
1597 4690075241597
1354
351 9784305730351
1052
1908 9834773251908
6374
4395 2764064304395
5612
6396 8929327856396
4442
3643 8731527803643
5222 7264538365222
900 9412829490900
7265
2980 3652473402980
5309
1850 1349764981850
2893
5867 2206712525867
7769
173 495905580173
3928
5982 9332813445982
2476
2780 8383004152780
4566
2776 8537346922776
2239
1437 4817032521437
6189
4154 9792937654154
2146
448 5883520130448
7723
660 1734368360660
6993
4334 1112493694334
5302
6533 6474087896533
6310 3378498716310
2724 8421054642724
7584
6685 6591856976685
5646
1200 2352439051200
1986
6241 1894275756241
6289
1136 704379331136
6382
6033 9737804106033
3068
6928 2657382926928
7617
5504 8681818005504
293
335 7468963560335
958
7749 8204776897749
3378
6116 6789763126116
7565
3395 2604245263395
4256
1239 7976471481239
5173
515 4206451560515
961
6599 1103772086599
7214
1908 4221762641908
719
5236 3137525115236
4671
1498 9871791871498
6123
6916 2553178066916
6956
1574 8675415941574
1247
4757 2152332134757
4247
2795 5498104142795
141
5951 3762911035951
5813
4401 8226940744401
4404
569 5948925880569
4660
6222 7159031886222
4918
2919 1701339252919
3164
2665 612906952665
7373
851 3130514800851
7855
4046 1913775734046
2493 5921980062493
3468 4553457843468
1593
5585 3669087775585
7103
3704 3118236883704
2476
7370 694266817370
5832
2582 9897145432582
401
3152
5697
5257 3668267085257
1016
2365 5599149152365
5731
7662 996703927662
2568
100 5445716480100
101
606 2495271810606
5225
6211 285929816211
5974
7369 4100680267369
3706
6232 1114484616232
1313
123 2224108610123
7057
5325 2375062615325
29
7002 1815969897002
3574
6665 614073196665
7739
7422 7103355027422
6518
4775 9775684494775
5094
116 320568070116
6363
2806 7434481642806
2347
4077 6579649464077
4798
5031 773097025031
589
5150 4616304975150
1884
2705 6643640002705
6755
3944 2030804253944
3485
7236 5416000077236
3547
7638 5232011137638
5570
7293 1636495397293
7528
3537 2613358953537
3495
5052 9157615295052
6818
5583 3718551475583
749
3039 2204744303039
947
5159 6634494325159
865
5162 5759814855162
7769
7774 1801613577774
2483
7628 9603552677628
381
1224 5873170341224
2219
6394 8226939606394
1978
3068 7661563493068
7439
3864 6297410963864
708
694 7719855950694
5665
4138 6614376914138
3297
4600 7138083314600
6830 791842066830
2875 9925436032875
3313
4458 1291149544458
6324
3843 2716073533843
1256 8509964601256
2491 9336666972491
3489
2652 5605656112652
5888
6401 109746256401
3252
1984 6818747601984
2028
1623 2638610701623
4019
7879 669534777879
257
141 9017180090141
4308
855 9927659260855
969
5735 9865789525735
5063
6021 5762959646021
3287
353 5008014410353
2162
155 2608568380155
7241
4111 9591723714111
2809
4613 5914149514613
5290
3933 9314431253933
3300
3614 2442346883614
779
6091 9776154306091
6771
7862 136492497862
6867
2349 2950331922349
5256
5996 1423404295996
3546 511179243546
6995 3679789436995
7056
6672 8598259266672
6312
3220 5080978243220
147
630 9672367640630
4748
451 2329522810451
6210
6973 1677661316973
4495
7426 3753479977426
5784
4805 9803351374805
1300
4689 3761160604689
1404
262 5244378660262
6759
3513 1629122383513
2459
795 6530862270795
6641 6768548916641
235 5287506000235
7426
6550 6252871356550
6866
4091 8197384264091
2256
5260 7455355535260
6142
43 3159585400043
7193
6001 5372574246001
8
7507 6525116157507
545
421 1871260850421
2626
1147 9777968931147
6934
506 2594531510506
5865
1389 1953196591389
958
374 2681172180374
5652
5343 9315071285343
4384
2392
525
7004 9640040737004
5112
5200 6251923955200
2301
6155 8996004056155
3462
2115 7053989182115
3728
6166 4823604566166
6611
6626 5109389546626
7806
5225 6147707425225
5056
5840 1546400305840
388
4600 7851819814600
2277
29 6471669580029
1917
7477 9699980057477
6147
2854 5377551092854
4488
6004 6574978046004
2103
677 6575847100677
3665
6209 5713180466209
2102
1535 962937891535
2856
3428 6284905873428
3253
4479 3906594304479
4526
5649 9754396925649
2570
4674 6530150024674
4813
2615 4068369852615
6533
1040 9940632571040
7602
4276 3777304734276
2863
2204 9408232482204
5616
5682 6622230035682
5232
3633 8659095133633
7216
6144 3452910266144
4410
6897 6222889816897
2500
5434 1327626525434
1485
1460 9645661871460
1717
4321 1284148414321
1488
3179 9612511163179
256
5489 9477270745489
1090
2395 9514877472395
1468
4689 9995712744689
2770
7084 4698490277084
4070
5008 7188851365008
3652
7221 9953834367221
579
3533 6524897153533
2308
5420 9015369065420
5664
2060 7535721742060
2525
5115 7529417915115
1291
44 4866719440044
6557
6885 6678754166885
2879
5614 3339799195614
6199 2436593236199
3517 9286802093517
2706
5586 2951739885586
843
3368 7886060173368
7506
680 3239441100680
1011
2546 6318033282546
1906
455 2300449060455
2614
3335 7854446323335
3818
1720 8863850861720
2026
6766 6589728246766
3487
1200 2724438971200
4929
3772 4997754323772
5040
6740 232137586740
7689
2296
2353
3485 2955655183485
4144
1343 2592665441343
3065
3089 5643841803089
2047
5824 5617842785824
6322
6013 3549880486013
3340
7037 1990272007037
4047
6414 8334749716414
4381
7615 9178853467615
943
7848 3470120827848
7123
6966 240871506966
1298
4764 9796487784764
1530
6485 7789639456485
5779
1905 3617470281905
2461
2235 6094527302235
2243
1939 8363542201939
2943
377 1816716810377
6042
7846 812057807846
1977
7478 6106747817478
7560
6490 5827588056490
6098
3628 2626607923628
7111
3417 8716952573417
6063
1502 7070007371502
3174
2382 2161732702382
7384
3686
7096
3609 8054455823609
240
5091 8175587125091
4786
2824 4363725772824
2717
7753 1228614747753
6786
6830 9676668616830
6884
6774
6680
1988 1759208601988
2324
3288 2581454983288
2645
5305 7303050585305
4889
5833 907790375833
7575
1870 6276407101870
2890
5410 8242357665410
4127
4816 8069184354816
5648
3755 3286017733755
138
6284 6389847526284
5789
1503 3053569161503
5029
7109 966513977109
7349
6670 1536815426670
5810
1439 5473073581439
4900
1745 8040097871745
1972
5433 5564422095433
4458
4487 2610319314487
50
2144 5429267842144
816
858 1521299070858
2290
2510 4910459742510
6382
1953 8539203691953
6818
7136 8492177987136
3264
6891 2640949826891
806
2859 6366128812859
4001
3666 9504250373666
818
2128 9440670672128
6520
1125 4817743501125
2061
3487 3123209643487
828
6277 9189613276277
5853
4947 2146477724947
2306
3567 6530980403567
1868
3556 9607676153556
7776
782 8876577660782
124
2013
1575
6106
2633
5472 787352845472
2313
2573 1663520492573
7609
4620 2453346454620
4227
7550 1872428097550
3571
3809 431892433809
1282
2517 2004414822517
4776
1333 7093734381333
7710
6753 2595606906753
5535
801 9251030060801
5007
250 5186264680250
3033
5325 2443080155325
402
5717 4115442165717
3904
4478 1783440384478
4119
843 3823593950843
4452
4997 7927580474997
6233
1231 5715362831231
3074
2199 8027082782199
7338
3004 6419252533004
969
4852 5534097804852
2423
7710 4050882817710
4292
4609 1267295444609
1147
1764 1722274681764
7217
2643 6323533422643
662
1548 2424230051548
1662
2732 6547836852732
7576
7312 3586843667312
6778
3044 6030973533044
4216
4669 8129170234669
2931
412 2509219790412
7564
1685 4018030731685
2578
449 9532451630449
7645
981 5359028500981
6691
113 8079260300113
7249
1030 8493948761030
6996
1568 8889654401568
7110
4346 5188747984346
5744
4093 1805813924093
5724
5397 6055313785397
4546
3141 5960557553141
4152
5348 3394573645348
2955
6528 8917190696528
7344
1038 1558848191038
2153
6546 6222690936546
6599
6790 9461298346790
2424
5331 4140089375331
6732
1410 7889595381410
4249
5 8434508800005
6064
1637 4411680391637
3819
6826 1640006596826
1619
2753 1908582542753
4382
2783 1943599262783
5494
795 1882205930795
4276
5153 7877961495153
926
3230 7020917253230
1249
7807 8367010867807
1955
676 5037633670676
1529
5688 509999425688
6600
7751 5567905777751
6935
839 6192028170839
1928
3017 4240859023017
654
4843 8531487754843
2666
6709 1867234026709
5415
6964 3382882096964
5558
6880 774073086880
5086
5807 8289003425807
530
3950 5428096443950
2421
4337 717943154337
2819
5522 7835816455522
5500
6252 2832624486252
5065
291 6623623070291
2000
955 6907127630955
4858
2625 2784680372625
4344
2800 5240967692800
4624
4362 5288963414362
3123
1137 1544551941137
1269
7653 4457374087653
6847
4444 805507754444
6285 6517814656285
4163 5861607284163
628
5244 1790391565244
4816
1915 7693260891915
855
960 2510196700960
7457
6918 3447714936918
1075
7206 663435707206
7517
3027 9665692463027
1973
7002 6689150857002
2537
4568 1198233474568
536
7861 2871941567861
5093
4073 3110770604073
4928
5053 5583584435053
435
6094 5531292866094
2794
7592 4858588247592
3887
5775 6894379205775
2031
1831 8950137051831
5939
2111 2645376642111
7471
6666 1851240986666
682
149 2358169740149
4307
6597 4176095196597
7113
492 9937255840492
4035
1957 6421596901957
4030
4827 9719977534827
3548
6457 4924167026457
953
6349 6537200816349
3297
1831 9706738971831
613
1371 7693128291371
4521
1000 9487964561000
1985
4338 5397700294338
6986
757 7352256320757
6454
1369 3847331251369
4051
2448 3472335602448
2193
5441 7162775185441
2773
3176 6674919483176
3076
3369 9217159843369
298
2018 2880319082018
987
1358 3452730781358
6445
2846 8719689302846
5899
5900 7184181105900
5801 3707675655801
7039 6815544657039
99
4411 5128035104411
2867
3638 7423760223638
611
2357 8444592282357
4541
1209 8821782331209
2545
2199 8426446802199
7004
5689 2277186135689
4860
1244 5762411271244
3595
2078 6219712082078
6896
3052 4113207583052
4853
7157 9786467807157
7359
5040 8946894225040
6836
1479 9143957261479
3182
7577 4023884997577
627
4586 2150610174586
2418
4990 742943224990
5222
1105 6745840741105
3685 4531071213685
3131 1539473173131
313
2283 6447806952283
7430
5619 3003793825619
3670
4363 1184927194363
3582
4990 5429404384990
2019
1427 8258622841427
4084
4457 7083030764457
4101
3608
7387
6525
3113
2583 6289156512583
1678
2509 5786650272509
4876
1811 3912787211811
6383
7022 3059246117022
3560
286 5041085130286
5134
2251 3059043942251
3618
7743 6177037817743
5841
6931 955042456931
3218
6386 7562366566386
1251
7667 1035026127667
4969
2786 8919809922786
902
6099 2061119346099
4226
2158 9038162142158
1142
7575 2735662807575
6771
2162 9036803892162
3765
5267 4167024285267
2182
5340 3248412305340
4692
1810 5864501391810
6806
1928 1948476211928
5162
6524 1417847606524
2590
6796 1659203366796
6463
4975 308887484975
1705
293 285806250293
1986
6688 7887091256688
1341
7430 3421282727430
2042
602 9313036850602
5679
7008 6563567737008
5497
3583 6277916663583
5703
4444 8829512544444
3247
4997 7504386714997
1075
4805 2099968164805
3721
318 9618172370318
5206
5883 8866530755883
1207
5879 6670499455879
514
1513 3898952961513
4671
3503 3986234863503
7868
2650 8377151762650
476
3460 2040150593460
5262
6814 896188866814
65
5161 2375309835161
2168
2746 4183016532746
1607
4585 5901243034585
7322
4718 4128650244718
5630
3861 1425913533861
4493
1716 775340141716
5825
4571 8267934384571
1339
3033 9857643803033
6390
4206 377705874206
3059
7723 5145923337723
1393
321 2277532280321
4861
4018 2338698994018
1832
3829 8594922673829
1548
3345 7223706433345
4536
5790 7213566035790
829
82 9864694490082
823
6582 4665220706582
1539
7423 2834327197423
2763
3163 4851413293163
5118
6580 263632306580
346 5365494650346
7876 8072777867876
5284
7619 8472498817619
3326 8849116623326
5458 8136006115458
788
3081 3569651413081
611
7273 363862877273
2398
1462 3000412181462
2477
3319 2334637913319
5821
7167 6089464717167
573
7465 2043998437465
1608
7384 12702927384
1214
3880 5383015093880
4622
2490 634149592490
2069
7462 1978780347462
6001
2247 8328735172247
62
5055 7137765975055
1281
6696 7461004516696
7856
5176 3055819685176
5858
6342 4618267166342
3846
2626 7830373332626
7040
7618 3289677657618
1958
2181 7974755322181
6707
3837 5012798973837
5369
544 9531123910544
846
3825 4267154713825
2504
3905 3912537683905
4642
7085 1066253927085
2434
3893 5504314033893
3696
4337 2209783024337
1438 9142393861438
1202 7848455791202
2668
6087 4357980956087
4521
6369 1841595226369
4608
6210 2033812376210
4688
1980 6125395801980
1851
1341 6184034501341
225
7079 9632454237079
6461
6116 5193583416116
947
3265 5960782563265
7228
276 3977322520276
2311
1022 5100341721022
6018
1505 7639303121505
7441
7567 6816291517567
158
4625 1724916884625
7635
3906 9681320033906
1391
7689 4913017407689
3723
927 5768620550927
7599
7120 8503393587120
3442
925 52038460925
3469 559044053469
435 3389350250435
4557
7147 3909300697147
1842
2391 5646237162391
118
2240 9903098262240
2497
254 6029396150254
5494
6040 1412100276040
5892
215 4049300570215
3715
2959 3324795092959
6362
3190 1781991213190
6412
305 5364121890305
4248
2492 1559827062492
401
107 8742602100107
7366
2351 255460212351
4460
38 5381922580038
6163
7066 7952458127066
4807
3326 9972993253326
3774
2806 6539585402806
6995
2039 7328789392039
4357
338 9948413830338
178
2439 2553762432439
3423
566 6307552520566
114
7834 9530889467834
7667 4331991917667
4432 7121046974432
7101
2099 658851652099
3454
1708 7263722171708
4301
4603 7389387974603
6858
5249 4562233975249
6865
577 2287295280577
6519
5859 3618313585859
6646
5062 4599691805062
726
5499 3469470145499
3773
4640 3400525044640
1338
5621 4067715635621
4909
5760 221592755760
1075
4439 7463862664439
285
3326 3632950103326
3542
3779 1307794363779
572
583 1498770770583
7597
2490 2211937132490
5028
6370 7074533706370
4533
7221 1105983807221
875
5161 2900127485161
1218
3971 6483470653971
3006
7721 4966405527721
4980
1555 2223346271555
1413
4078 6449801244078
4016
2999 2567840862999
2858
1790 1400479561790
3951
5871 4012247275871
5123
7469 7841693847469
2219
7488 2741407357488
4043
7474 357904657474
3968
2066 935049002066
1828
5502 7436964415502
7192
4312 8269707454312
2735
2262 9495421622262
3603
1953 1877978981953
6847
7829 1756131867829
3638
5999
733
7015 2727344637015
143
1874 8898286391874
66
1692 9485421861692
3316
1616 2687570901616
5740
7756 4372084627756
6778
2801 491612192801
7276
7238 1065243087238
783
1131 9478559901131
2970
3219 1212033613219
2557
1671 1693853141671
425
3180 6366733163180
5746
2082 3873892422082
5783
6116 4711952036116
4340
1251 471334601251
5397
7564 2190608087564
1772
4638 7058112944638
2026
7701 7130972267701
166
7634 9066104317634
743
6110 2578629086110
7308
138 7989472740138
7865
5722 9502807255722
5642
882 733619040882
3056
2479 599330682479
5537
7122 5850562387122
1789
3519 3032141473519
1123
827 900217580827
5710
2681 9479280522681
5383
3292 2731918823292
5874
3910
2569
7733 1210447187733
5875
6798 8880819926798
5606
3159 5993252673159
2860
4834 7702009194834
4029
254 7701238000254
3308
6267 4924936686267
1073
852 5352893480852
4624
2608 7434224462608
6742
5948 354193155948
4182 5626618614182
1806 9113256051806
4936
6411 1620939556411
1183
1486 5953909301486
5058
4766 4640816324766
5021
2039 6956502992039
3501
1211 9821989151211
6749
4894 6757978244894
7852
4630 9326628424630
5312 160426265312
3953 5542448173953
5483
7661
7433 7655877937433
5428 3713323505428
7586
5650 9624694035650
6287
5271 7423344295271
4606 705209814606
2571 9195103892571
3698
981 4839596210981
2791
3588 5895854003588
3122
5361 6208337595361
6538
4035 7750194694035
2170
4606 125159294606
5245
6793 1490395286793
7012
1735 5162710471735
6264
4609 7044566784609
3662
1958
1197
7401 9798382907401
5327
7705 5365288587705
6794
2991 8891185462991
7600
1141 9834560331141
1884
4805 8303424354805
3670
505 8686080040505
4129
776 3491673850776
1893
5730 4996977645730
2726
2953 9232228552953
5736
1115 6680640501115
749
6095 2273914936095
700
4840
7778
705 2934295290705
2268
2888 7520881202888
3082
3141 9916188393141
2442
7357 3301482957357
861
2554 3309598592554
4900
172 5284988630172
4940
2112 4253550172112
5973
83 5662778410083
7884
6387 8167649396387
1434
2523 9015440392523
7872
4205 7426090114205
1831
4343 5174552304343
6850
1750 5904027261750
4666
3322 5416635323322
6837
2829 7139148632829
3277
6074 5777990396074
6925
4266 6772604504266
2080
1793 553530241793
4704
4088 4803367864088
2154
5624 8852301085624
449
1836 5980193711836
86
2719 7658242812719
5171
5545 3463040265545
6589
2462 5376423742462
5088
3242 6058537343242
1140
5354 3642300695354
2322
3029 3959818253029
5256
3884 1098951153884
2426
4506 7359890764506
5881
1395 9960080581395
3175
6136 1349646506136
5487
1062 9914009691062
2731
4789 5190677114789
4482
1154 5708189311154
6133
154
4745
3761 2053894793761
6735
7441 5302627607441
3246
2339 4855215552339
4178
7649 4932638577649
527
7834 3807786897834
2085
5260 2068135365260
1109
142
2949
7756 2486569747756
6864
5437 4758932255437
6524
6041 4562097396041
4164
795 2579672740795
6422
1632 93138511632
5693
2021 2290049172021
6312
3258 917139463258
4683
5982
5413
3434 5270003783434
4770
5106 3012781225106
2669
5269 2141001585269
1600
5647 6649697325647
1805
7050 8314107157050
5758
4522 504619874522
3241
3958 836757593958
7687
4034 8112710804034
25
5737 8568377085737
5820
6047 6710379396047
1813
7133 337005737133
5155
1461 4388414461461
1287
3301 2080227663301
5690
7673 5697295577673
5514
1958 1507326771958
3462
2222 5568753822222
1621
4304 4703257534304
2428
4914 7907310524914
2971
6278 8921234006278
549
369 6972484510369
6419
2100 7194535462100
115
5334 2354633485334
7681
390 306216590390
1619
4567 7995369384567
4123
5851 9640163295851
841
701 4897591400701
1766
4946 3507115794946
1796
937 1936621640937
3864
788 3850887060788
7652
6969 1262983606969
6017
1648 2324110121648
6299
332 3950534720332
26
4202 3678655044202
6198
62 60862850062
6246
7393 9053899527393
4679
7151 3556776737151
7851
1903 6547671011903
17
297 9373693970297
2903
4047 4987997054047
1407
4589 6134004264589
4860
4892 1293429144892
717
3105 2279977403105
2936
2825 9709013832825
2807 5700694042807
3992 2392651623992
2706
7047 6713534217047
6675
3704 3677490593704
5387
1179 1426978451179
6260
322 848196380322
1511
1807 5243045601807
124
5860 6803647675860
7711
5780 4345947785780
6367
4436
1663
2480 6852223792480
4099
3695 5512460533695
2525
3840 398657113840
4683
2330 4708558162330
6633
4798 1825897624798
542
4155 2013483294155
4895
4021 7411313424021
5607
370 1708259140370
1391
2283 5718585532283
6232
4830 647765184830
913
2743 448115332743
3524
4607 8583851754607
2278
3233 6218101863233
541
6186 1272771796186
1472
7524 1588099467524
7556
2758 7395643202758
6756
7298 1230965897298
7173
5341 8623647915341
5004
5718 7965338975718
4770
4605 3304698014605
6022
3352 712361353352
462
6579 5998058556579
3354
5364 5292359745364
1626
7082 6763798487082
1786
802
4394
4621 6780675374621
674
2591 1925952312591
2419
5722 654623415722
6648
2774 9585031012774
1659
4540 6724879674540
5221
5549 7922764645549
6361
2950 753465532950
3633
4025 4765571994025
5548
905 9972557450905
7389
6907 787265116907
5685
7135 2107791897135
7757 1583468527757
6980 5370023576980
4658
6291 7743999986291
1042
7820
3640
3468 4894825923468
504
571 5672783970571
7515
3316 2071347093316
4597
5740 9795734595740
6314
5502 4925514195502
1846
6650 4943348016650
6403
1783 642894151783
2880
5814 9446395685814
4043
7762 2243712147762
7046
41 207849660041
2045
528 7674865900528
3470
2695 649989212695
6001
2943 1421427062943
1996
6546 3244113866546
7439
4304 1689738214304
4653
6622 4090443316622
2105
1149 1121288261149
1805
7679
476
386 5453322530386
6765
7827 4332466147827
3499
3480 8726348173480
2363
7300
5877
5508 6763380625508
181
5789 7443992565789
1649
7703 2627459557703
2782
5406
4735
1138 688643641138
7284
510 1785605920510
4400
6761 7128569426761
257
6671 8943682566671
6967
717 1415823570717
4213
317 775516810317
1480
5614 6753869105614
6853
6022 4773145966022
6308
7497 6601087107497
4524
720 6936041430720
376
1467 9502852131467
5975
4853 9119679704853
6452
7235 3772372957235
4907
4384 6620866264384
4552
5232 5705280295232
3519
2978 5630500232978
6798
1961 449643891961
6178
7462 7527157707462
6153
498 9226732120498
781
2716 8593267652716
1375
6556 9108530206556
2781
4528 771405914528
1022
798 1966443170798
7613
6446 3427793536446
4956
6900 7961122486900
4623
2063 9014457152063
6537
4904 5934632784904
603 704414390603
513 4108850360513
4281
2355 9857820922355
1742
3208 3790473263208
4479
670 7080596130670
3850
688 4044955860688
5569
4341 6733607914341
2427
2014 1439710182014
2161
4255 1748713024255
1522
5913 8260997895913
6361
6470 5041994656470
190
6986 2811755476986
2070
3038 7373755053038
573
4632 5676506904632
31
2519 2399925892519
4745
782 2727029070782
3277 7350679603277
6282 7499944196282
7178 8000257178
7476 2241984077476
7283
3834 6929630693834
5613
6317 5173867266317
3135
6336 145986616336
1697
6767 1413800186767
357
3153 4724558063153
2829
5704 8883559915704
5566
4808 7538048244808
7649
1207 5486497881207
6810 8140939616810
5717 6802512605717
6367
4827 8980908154827
1938
2062 9034099472062
1784
1200 3855199521200
1087
5035 9771942795035
2759
1134 9211251641134
7129
5363 2513947655363
1086
2128 927161432128
5832
4156 8526338064156
4957
998 5139222790998
3554
1635 81935421635
1008
1939 4419104121939
1091
6411 3244196876411
2858
7331 9589792137331
1522
4960
2679
1081 932195181081
4921
7606 3317353297606
3651
3209 3084444613209
5120
866 1992869060866
1966
5460 2634123755460
418
5134 9594354855134
2735
7611 7973501717611
3304
906 2405282960906
2252
7168 3330235027168
4260
2306 3716378202306
6350
5159 5912142905159
496
5337 9225473755337
4701
7069 8013122027069
4284
7112 1106398697112
7209
4690 6265718704690
7256
3946 3748451053946
7013
4662 4831533244662
187
1340 702093171340
3146
7269 9790179657269
5430
881 2875402750881
1808
2830 1726536472830
5911
1907 136539251907
1544
4160 1328351204160
7018
7232 7694203157232
4586
3371 9848094293371
3879
4081 1758733694081
4364
744 9289118280744
1737
1892 3279787721892
7045
861 6888459630861
841
7321 1091127517321
1498
2605 3493412112605
2334
3513 9052543693513
1035
2263 9829169132263
5117
1078 6909153071078
6794
4570 2334640684570
2594 3279862652594
6575 9559936646575
4172
3675 3374417243675
7404 28573387404
6552 4544121646552
6121
7151 910667437151
3648
3443 5262187603443
1140
4130 354509654130
7607
2613 7841664942613
1236
4302 4676830134302
2514
3395 1572008353395
6204
2938 6218408902938
2819
6953 2939439616953
826
976 1344059960976
4744
4444 975532584444
4720
3090 5269251733090
3627
6844 1137402856844
4985
2920 4729862162920
4531
3536 181835723536
7690
2581 4559754292581
7690
2893 8378690402893
450
5116 8903136305116
2699
2425
37
846 613851580846
7584
7172 4777022987172
5674
7154 2774986197154
5410
2023 7937315522023
6969
173 6469207460173
3810
6070 51021066070
225
147 6426339340147
3261
2693 8896156552693
6962
6939 3472096196939
1779
5181 4298708405181
2348
4132 7756358814132
3811
3483 4653846483483
4870
2000 3057381432000
6355
1070 599067141070
4627
2055 781767692055
7714
4166
3485
4688 5547072724688
3216
1010 4112623911010
6206
6929 8936826076929
7212
6302 3155723736302
3697
6316 4584642346316
6148
4879 4770169364879
4126
223 5241633650223
7766
1990 9729489811990
6498
3543 2286437533543
6523
4363 854197224363
6653
1707 8184862881707
1477
2401 1271778282401
4499
5000 2119796885000
1509
227 2874767670227
1172
5010 792091205010
3337
1486 8869463371486
3583
635 8433244600635
5626
5809 729150775809
7054
6056 3666164556056
4781
396 9572344920396
4175
472 243472000472
3359
6631 5511028346631
5637
5577 6978346925577
698
5756 8948564265756
4351
4782 3523797074782
3085
4663 5464141564663
2650 8168876532650
6975 9300615206975
6531
3268 7817003753268
2616
6516 9581952796516
3373
4758 307485214758
139
570 7019869500570
3877
5708 8652953905708
4682
7814 4968444227814
500
5284 4735025215284
6963
985 420804530985
7501
792 8887268950792
105
7181 4939609967181
858
7837 9539250577837
2630 4017959792630
7468 3705034507468
2535
4607 3273395064607
3674
4456 8799521774456
130
2875 6682377122875
2585
2469 5126966962469
4856
5330 9930323405330
1193
3776 3270795503776
7343
3624 5323357983624
6783
4654 7821938614654
4444
7487 1228220347487
3469
6737 6937043566737
1934
7319 889929057319
7577
5023 4379011405023
266
5664 7556443335664
5381
6660 588480016660
4390
6932 4636920126932
6163
3281 5489182093281
5476
1601 8020327661601
1461
6993 5279031256993
1570
5877 9549193905877
6934
1206 8874607571206
5708
473 3417243960473
3931
4097 4274031614097
6974
6020 7943680326020
2859
5207 684809865207
4233
5060 6310094455060
5086
3478 3299847743478
4045
6883 3941025726883
3190
7250 8665325297250
298
4716 1848282894716
6908
5433 5567636475433
5969
6360 4617765986360
1619
5681 526104965681
1445
2083 8145303952083
6739
6988 7246229456988
1664
7180 2043450177180
4043
4772 2364959524772
1173
3506 4502542343506
4940
1143 6592535611143
4713
6593 9879791766593
209
3409 3515040573409
1881
7275 5219684917275
4544
1952 784397921952
3478
2575 8056240382575
1244
388 6944930430388
1279
4335 6774726054335
7196
5449 8691226015449
6303
6578 6838885346578
3813
2284 174377592284
3199
7845 1133834367845
2117
180 6144003690180
2117
2708 241068532708
3182
3935 6123830343935
6218
3691 1115837023691
375 6117212250375
6184 9019477466184
390
5567 5199129555567
4402
3548 3293550373548
3474
5864 3407211405864
3096
5734 1202432555734
865
1238 7108959931238
868
4700 8887522954700
4080
3239 9341572483239
6313
1264 7814214781264
6622
3275
2598
3272 5034825493272
2251
1662 301592611662
1416 9045271291416
6534 5039725016534
2682
5796 7423290215796
4055
5395 7652732885395
56
746 1753963360746
1830
4643
7280
7533 5896154037533
4937
2339 9488233242339
1840
6898 9985563556898
4490
3962 2509441403962
6765
1746 6487337551746
5785
1824 8006139101824
1607
4979 7529682954979
3921
2634 8504750132634
5764
1766 3707468381766
2398
721 9122359270721
2724
3881 2120467163881
2620 5732921712620
876 2699952140876
2508 6691798322508
1467 8221674331467
3204
5116 9383244875116
7200
187 5291395160187
5555
4633 7206024904633
1381
3664 2486623373664
660 966366040660
1845 6611180791845
4511
7245 9948032807245
5458
3018 3226675813018
4306
1837 3439599761837
6670
819 3626604860819
7688 6249718727688
5790 2573482085790
3535
4610
854 7588353310854
4855 1433543954855
4808
95 5910214540095
5167
3812 8560229563812
6156
1787 1359983961787
6057
650 5246875730650
564
5843 9305781565843
1558
742 5600030430742
1153
4707 7039091934707
1430
2786 915813152786
6197
2167 6592312602167
7257
4815 6159039954815
4159
7116 2630378437116
4469
5865 9532457815865
4967 5027035064967
565 7888553030565
650
2330 9113630342330
4210
1455 7215112831455
1501
4896 2656931114896
5486
2247 6362702962247
7640
2047 5397763922047
3719
6375 7996674126375
147
3747 7554560123747
1240
434 9974352880434
2759
6835 3386339126835
6054
5492 3874721825492
5355
17 5967508330017
5887
6939 2723256676939
399
5621 3171062295621
2846
6898 8079211596898
5900
2887 9444192262887
4904
2037 149402492037
679 2690003780679
6534 850741946534
3446
3066
4667
5492 1310424215492
6914
120 1091929370120
1023
7127 7814961107127
1110
4102 4823434684102
2114
1857 8260318031857
2641
2028 8377390612028
3963
213 9582049030213
7855
6073 4800418396073
2103
5991 8755637205991
57
3075 3159377493075
2548
2103 3321282252103
5129
336 4751061540336
1733
2326 2123364972326
1680
3026 3796420993026
7381
3282 4880692293282
2450
6337 8412715756337
6439
6912 8351318346912
4897
3623 55549383623
1613
575 3009023400575
956
6594 5091177416594
1065
4134 1619109164134
1839
6572 6768397566572
7743
6826 8963141436826
4753
7 8420280560007
5347
5728 2240457245728
5131
3139 9887693923139
6207 9545383986207
4538 6938677614538
4614
2235 7191408842235
5080
1727 6229032731727
2317
7607 5137464167607
4408
4891 2757897734891
5174
2692 9232044292692
5884
5159 9183197865159
6733 8036042386733
2985 7210614442985
1522
2535 2234927002535
3201
119 9891409690119
6643
1783 2031040471783
2785
2896 3672127662896
2270
4097 4752245264097
7726
2271 4888537922271
2684
6983 9074237866983
7544
7808 7744167817808
2318 8096172012318
7533 2024213407533
3097
4682 9498068514682
5876
5475 2713450085475
5848
876 8236940876
4488
708 1788945590708
7397 4106582327397
6087 3675319176087
287
2620
2796
7621 58385537621
1350
2384 1480608412384
4084
2176
538
6352 9340540296352
6449
1354 9222077881354
4194
4122 9485733404122
1244
1993 6754246431993
902
5396 8620646075396
3470
1306 8118824461306
591
204 3505124730204
4952
3832 3097433993832
5287
5193 9504592035193
1193
6374 6082990716374
3881
4537 2999211164537
5376
1286 4766164201286
6792
4926 7534200644926
6772
4563 6617916824563
7194
7829 2269348777829
4505
3543
1925
3020 6258610333020
5398
4242 5799974594242
4226
6559 5333625286559
5691
5158 9807170355158
6131
949 5777309750949
5489
4517 4085320534517
3623
2733 9746856742733
2840
4095 7839611994095
1997
391 9361754330391
5047
3374 3651546663374
923
1818 4416892791818
562
583 328193810583
7330
5058 8907391515058
393
5389 8599145805389
250
3038 2726264593038
5699
222 3640420360222
3557
6221 2623513056221
6871
6013 3585624706013
4756
5812
5355
1064 6647580911064
2896
2250 4850792742250
1768
7831 675787147831
1356
4761 1105262824761
3466
6930 7243287546930
3828
3096 5009677313096
4931
4275
6354
1678 7442394381678
2660
5703 8176742455703
3246
6517 4414748676517
462
3959 5602658403959
826
956 4231383700956
5457
7280 5857628327280
3002
7762 4654852207762
6800
5718 8359153125718
5896
4586 9102903414586
3641 7215308233641
4491 5849397134491
4218
249 2294189530249
6924
4949 177748814949
7338
6896
1874
7040 4783858747040
1100
3023 1665479453023
4393
7362 5430973977362
3921
1545 6728833101545
2355
593 6812534710593
4275
1946 6795124971946
3278
1945 863667421945
1742
1109 5336995941109
2967
3891 5961566483891
4463
4089 7374587404089
2739
7442 1557106637442
4586
7158 1938626077158
6347
7800 3067865107800
1137
4260 9899557234260
2845
878 9189809220878
2834
7671 722933517671
5322
2565 4764081192565
1400
3658 8858166743658
5603
1994 8196581461994
1367
4406 9547584164406
6839
3397 1776092813397
1392
246 4648210850246
4793
7109 5105173027109
6435
4412 2594087694412
6545
2144 2362056972144
3855
5954 4097609625954
4441
3607 2223282323607
6205
6049 158576996049
4441
4565 358283114565
2826
3410 2573401293410
3859
2190 4476803742190
5051
7779 9884876767779
4881
4079 6693536124079
3947
4675 6627285484675
286
34 9852836700034
5443
4022 2149547994022
5518
4170 2038088604170
1609
4207 5978604734207
2598
4026 8342852374026
7355
2305 7088882922305
892
5548 4927369785548
291
3674 1555088613674
5706
5525 3915325315525
4979
5208 7616698255208
1179
4478 3155805154478
3978
3101 3359338733101
4411
3746 8661324573746
6964
7294 9861574027294
6951
1425 1329526941425
7582
2582 4667429472582
3596
998 9954812280998
3768
5172 9953853945172
3582
135 9633479680135
6349 6900327846349
7028 7397699777028
7756
1832 4238695421832
1147
4033
3185 8648777223185
5961 4083934325961
5018
5953 3318968505953
2182
2642 5432489432642
4030
6064 2279121606064
6234
4476 503439574476
841
1284 2846118101284
2000
2883 1617960462883
2455
1274 42449211274
1145
1206 5551479911206
5597
376 1920977830376
4807
1790 1521373431790
7640
4654 4015578544654
6887
5336 5909982695336
5886
1502 3014002801502
4397
5704 3127258345704
1925
7206 7349804747206
5804
2389 916531702389
7044
4438 6057251464438
623
1834 8667954971834
1504
5954 1462261945954
1321
425 93480330425
6952
1558 6076978431558
1108
1959 7885749401959
5503
3696 613135873696
262
2102 4525145032102
1198
3731 6077679053731
3991
4853 8318768744853
4714
5596 7139009415596
2147
4950 4927840594950
6586
4956 3288064944956
7440
3724 4957360583724
6281
4328 6731674904328
2282
2206 6049920472206
1449
4455 898035564455
2751
3028 8370181733028
7380
227 3121053450227
3848
3376 7948765463376
1058
6080 6603528586080
4455
3244 9980996783244
4700
2390 1594754902390
4555
6124 1265102966124
2699
7561 5640531667561
1478
3969 4213772113969
3622
78 9770310020078
6646
4735 5177184184735
2829
6134 4819952056134
4044
3974 6923894483974
6442
4726 5237123944726
6937
6128 1370374826128
7098
80 882909110080
7673
4092 9905327824092
5805
4298 4794427384298
5214
78 4045846290078
447
7435 2254806527435
1714
7415 9097373257415
4922
6801 7130126616801
3377
125 5014771570125
7524
752 1050551840752
1267
4435 6749863734435
3254
5598 7345658715598
2111
3749 5273999323749
5234
2321 4813343502321
5308
7453 147814067453
7846
5122
631
4625 9524736784625
6815
7600 9957383027600
2738
5620 4107834855620
3881
137 3879576700137
4192
4587 7656061804587
1392
1161 810096071161
450
7721 1493681907721
2981
2749 5771799512749
1536
3037 676130613037
572
1023 2488746141023
469
2079 261835432079
5166
6079 3080801506079
536
703 1391796250703
5937
3476 1496643723476
892
4193 6052861324193
5199
2357 1462206332357
1182
5972 488585275972
5047
5155 8403618545155
2159 8162271442159
973 2901084310973
1703
5489 8443319105489
7858
7160 4780670327160
5551
83 2509591770083
1362
1002 5833415891002
4148
1141 1608150471141
3544
74 5757835500074
7745
4397 4993416404397
5522
2968 3711350352968
4073
1312 3570481351312
3354
3705 258781673705
4024
1820 490481821820
515
1601 4068127641601
3403 5309832623403
3550 5030323113550
2076
4110 5148659854110
5834
5629 7839657825629
3648
2904 7836708502904
6481
6007 5522172486007
2928
4310 160940244310
7753
5571 5827737065571
2822
587 8906657560587
6144
3437 3374716923437
568
2856 2069100282856
6085
704 3833422150704
6329
7335 9811029857335
3789
889 6607053370889
7494
428 3595117160428
3725
4032 5332056204032
3707
7866 2225595767866
3538
4650 9081413674650
2166
2888 1001935482888
3007
5077 359596365077
7777
7575 7812303407575
985
7155 3976759097155
7784
6418 3753122626418
5063
3349 8772606163349
6141
5438 2888438525438
2992
511 4700671710511
7086
631 4275274090631
1661
5508 6369448855508
2690
4460 4515480344460
4695
6593 1290767366593
5976
4761 5953968944761
286
6852 3274695366852
2204
5804
7844
7145 5662262597145
6249
691 5238731040691
798
984 2061919950984
1558
23 9811550540023
6201
7449 5645018407449
3455
1552 1775063661552
3832
4932 4321374724932
4794
2743 6485820292743
6689
1754 2817265631754
682
103 8446384530103
6718
840 1740372600840
3305 1880414103305
7901 5986607901
4610
3529 4576525203529
964
7613 7390339437613
5392
1199 4003187131199
1957
5156 3939693885156
6889 8513478516889
1351 9622825681351
3484
2108 8173681442108
4583
6995 2689703746995
2388 8459752232388
1874 2213438081874
5163
4299 1945717004299
5785 3809962505785
4146 7458711444146
696
6233 5116926626233
2179
5457 6077285445457
3856
1037 1015612161037
2887
5538 7392882765538
5261
5112 5621052195112
4534
2340 2648190382340
6274
1881 848168131881
2504
7782 4841740007782
2380
5011 3771965335011
6320
994 2448087810994
4879
6915 9841744296915
3641
2142 48691492142
3583
4007 5767940094007
132
3784 2460655033784
2584
7132 2773283687132
3088
7776 1312234097776
4577
3141 6749946023141
66
5584 4746249335584
3842
722 4707839770722
6261
818 6883255230818
582
4066 8807719004066
6889
3743 5868814953743
5866
7661 8855085837661
4282
4680 1661748594680
7371
5970 3544666565970
5609
5682 5632717405682
6837
4979 4134603294979
6749
7287 2441508547287
3614
2338 5379603572338
370
4600 6920625844600
3987 3093684033987
5933 7016273515933
1357
2886 3685092742886
775
1953 4595668241953
2327
5359 8747237935359
6367
7689 7182706387689
4264
3681 4394713783681
1276
837 114578540837
5800
4450 8504526364450
5708
1739 4964588931739
3864
1570 5576729581570
6991
6681 2497791776681
2816
3522 7826573153522
6571
7314 399520757314
2616
563 9137738290563
908
3870 1150800323870
1702 9215910291702
95 2814682970095
4087
1885 145920841885
5627
3190 7519179443190
6861
2361 4689094252361
7772
4147 993458164147
5306
7547 4972351647547
5094
6811 2694312746811
5833
3299 1761611283299
4554
4095 2830880574095
4236
6442 7030880126442
2690
6302 8026486116302
2947
2123 5117646252123
3383
4026 5290852154026
6734
3536 4772178523536
5653
7193 1995317397193
5466
5355 8477100225355
3356
7052
4373
905 6853304900905
1516
4282
4528
3697 603101313697
7495
6048 2078602006048
2629 4885975662629
2025 9267444192025
2744
5821 1109768555821
1394
1362 8621022031362
5510
1496 8621103951496
6060
2641 3739242202641
4712
1071 5672426231071
7120
5248 4552988315248
7369
5977 4695938205977
4754
3655 3056605973655
6864
2352 5241251172352
872
2340 6546942992340
3633
2993 357369412993
6896
2214 8266247612214
5148
1429 1746168351429
2497
7855 8356600417855
2666
31 4433609970031
5377
6739 8333607076739
5410
5315 9995599795315
975
5384 6840524065384
2554
859
221
172 5407450010172
1862
3447 822076393447
7006
3693 724309803693
456
4841 7360241384841
604
5845 5308656025845
6749
6383 6945187116383
2794
2785 7706735662785
1063
3333 3996408803333
934
3214 6890154603214
1247
2092 5699555762092
7429
276 128999020276
5540
5477 4684759565477
6684
4209 2892420194209
4884
3581 2413367923581
2861
672 5612727430672
5936
4263 3375459884263
5497
7266 8552287827266
4657
1283 9303212161283
4373
5494
2819
724 2246018650724
19 5917130360019
4339 7872908874339
3081
6414 2248600806414
1787
4734 2130158874734
2678
453 6455282060453
1014
6594 2284964626594
1874
1762 8790105571762
7729
4030
6409
6190 592393546190
135 7147990420135
1267 3703532141267
3882
3505 7852854323505
695
1892 5000788771892
1305
2878 2239706582878
4002
6944 8285928436944
146
594 4997284340594
5198
1621 5124508661621
1175
4735
373
3961 9084912493961
5455
103 4605582660103
2148
4469 1349018714469
3039
3043 5953776203043
3558
5830 288435775830
2394
3501 887850073501
2878
1965 9998419121965
1429
4094 5291582114094
6113
3315 2515256433315
983
7051 890242587051
6611
2484 239489542484
3329
7025
204
3179 2687124363179
2278
2712 1448637172712
3736
6371 9068878576371
6726
4177 4153546554177
819 1602717830819
1283 3451176341283
7528
1396 4773423631396
4292
1565 2592531751565
1969
784 6603189260784
5305
891 5842979900891
6766
668 7300925340668
6746 6167538986746
253 5942718540253
5019
4523 3616472074523
3082
6075 761830176075
4888
6013 7918856746013
1075
4728 2420759154728
7659
2967 7474755892967
7804
6850 6562759226850
2662
1236
7793
6346 4330579476346
5358
1868 2264706941868
7699
179 5140272650179
3418
3911 9767830613911
845
2633 5398101932633
6308
7409 888985967409
1313
7049 5139114167049
5565
6797 8986462366797
896
4456 4438495564456
6044
5988 7769469905988
1502
1302 3320949951302
617
7623 259091887623
7640
548 22088350548
5985
7527 2671920237527
2222
1491 7161482351491
4129
597 8276290700597
6551 5828492586551
881 5431114840881
4971
2735 3883910972735
1162
5298 295105905298
863
178 4553673860178
2202
7775 1458501857775
7102
4462 610700644462
4445
2420 1513505052420
1048
7186 8273058347186
6076 3009904046076
1428 3234857761428
3426
2241 5711048262241
3816
5497 6545837055497
5117
1471 3157464881471
7394
1991 7692684751991
7231
2596 730614292596
5808
2059 4627713732059
3745
1317 9350453731317
7804
4793 5808196834793
4143
1275 3567383831275
5425
1044 7845906861044
7210
7530 6775095807530
4517
6228
798
1448 3533579291448
87 1641297030087
6394 1246711206394
2259
7309 3395649107309
2240
4691 2529273174691
1295
6054 2698553166054
4422
6940
2218
677 8079876810677
6766
4419 8011249144419
34
1172 2789228691172
3287
4093 4091792384093
431
6087
4010
2147 3487543022147
6030
1598 7666047341598
1462
5863 7719554865863
7051
5280
4599
4156 6580859034156
3170
6718 1514053546718
1192
5203 1434666055203
3757
5764 5957005755764
3476
7312 6899598607312
256
844 9445696870844
3671
5085 7847396945085
4143
5169 9474728085169
5985
3447 1921910593447
7502
3511 3222929493511
3908
5584 836726265584
4063
4865 6805899534865
915
6827 5522900366827
7856
4283 3262089454283
47
2969 6902930432969
6025
6518 4335551766518
760
846 3384791750846
6704
5369 4606710045369
1161
4241 5773632024241
4171
1318 6721005481318
6919
495 6799231640495
566
6270 6676329626270
5485
5394 3536206015394
4132
6870 2859777836870
1790
7709 7746977537709
4281
3121 3477181033121
5399
2744 6658009092744
4310
315 7094337960315
3909
3816 820584783816
1348
2526 5289648092526
1745
1946 7598110901946
6539
1767 8979911941767
2237
4249 6437838064249
5805
7120
1629
4627 8553449924627
1233
5696 5299804125696
4187
5835 9349172085835
3470
7245 7096503647245
296
5724 8345445345724
1327
2638 1019553632638
7361
4047 7034114044047
7169
292 8356868530292
441
432 8932347090432
3133
7867 270595447867
4806
1482 4845741551482
6638
2670 5732717372670
2514
2561 896364962561
5065
6788 704057846788
5974 1294444925974
118 1770138910118
7586
5134 8684901085134
4605
3356 307432903356
3058
1466 6970104961466
827
5783 9570553585783
3435
7755 7312940487755
3346
7487 2668511907487
2755
6417 400963656417
408
2826 4187197522826
6399
6169 1123717416169
6143
2319 1673675232319
4161
3591 2305610973591
7199
4665 2917850204665
4377
4190 7945133484190
6209
1946 7854927941946
7320
344 9704966170344
3037
2724 3811906422724
4056
3527 6406663943527
787
4598 5055863544598
3620
1419 587122021419
7662
2425 1779217232425
2074
4659 602521014659
4632
3977 6821222603977
6643
6857 8357427096857
5091
6627 3878547676627
3586
3504 5527880993504
231
2676 5518875182676
1157
5113 9260553575113
4168
1578 4146923261578
3838 890558283838
2827 8502166372827
6575
3588 1462075823588
6904
2031 7168945862031
1016
1147 2921020951147
3616
1966 7644699131966
4109
2572 3384365652572
4737
3690 7163490953690
1297
2105 9064536342105
2230
5705 4234695945705
2139
1494 6451579561494
3011
6765 7374976886765
3444
4052 3407181694052
6323
3530 7520880603530
122
6722 3278170656722
7674
6684 1003320096684
795
7114 6461996627114
6013
3401 6221026063401
6734
4513
2177
7612 4566068417612
4443
1048 8799389571048
1821
737 3783564320737
4519
5639 2788303015639
4105
4906 1110278554906
5861
7576 4244168937576
2177
1688 715374541688
4642
2510 9414160552510
2246
7439 4853893067439
5382
5434 6475091695434
374
5169 9229546615169
5922
1612 2368989861612
1927
7416 8298464317416
272
4328 2549393924328
4730
2517 2641888892517
2540
480 3532795620480
2199
7465 3024587157465
7071
4575 3304404114575
4646
1771 1547313251771
5856
7182 6347202237182
2651
6169 6059856006169
1882
1008 9256838071008
7192
1837 6224148731837
2623
937 4229740330937
7570
1098 7034945261098
3856
769 5390120550769
836
934 2610962280934
6022
3956 7588810153956
6850
2803 5700228222803
5526
6276 1944847536276
474
6549 7664922416549
6624
695 2753172410695
199
3758 9472322683758
3156
2061 2590377602061
920
4078 5754196374078
597
268 7330604600268
4671
2340 266280082340
1439
7110 635015987110
7819
3042 4661845503042
1939
4504 8036957324504
12
6233 3381752946233
4483
6318 6177424756318
1198
2516 712470222516
165
3564 5837499643564
5254
2784 7996427422784
4417
6832 5490231526832
5144
1799 4962867241799
1400
3837 3742053873837
678
1160 7471617931160
972
1055 157416091055
10
4885 8105875894885
3830
7506 4363433377506
7835
6209 8284043516209
6111
5441 6936802035441
230
3054 1498046163054
3471
7799 435438647799
779
4029 652044304029
2830
5415 7322722085415
5570
1977 9781507091977
7429
5478 5330922895478
5724
1470 9697953251470
2501
1005 3219642691005
1887
6699 9280314786699
3373
2340 255116772340
7754
895 7887843710895
7467
6268 7415218746268
3903
464 7398913770464
3876
5565 7115605435565
6501
2339 3047719172339
7082
7184 5779622547184
817
4807 3710928774807
2820
678 1173943940678
7303
7518 5569649287518
4834
5967 2127883065967
289
6958 6953540936958
3507
5044 9148716195044
1179
4237 2615196204237
7586
5522 1616740205522
2821
4765 9496599934765
6729
4921
6828
6694 7493466256694
1283
708 6065597570708
5586
1536 9047739091536
5533
4530 6322731114530
4336
678 4654813570678
7721
5578 4207469335578
6054
693 7915690280693
3191
5524 5545091605524
3028
2459 6765242682459
5027
5293 9758023315293
4263
5351 7682601185351
5675
1312
6553
6056 7471382536056
7215
3441 2378948353441
4940
4177 8688308334177
1314
7424 3189147397424
6033
6501
433
1811 8969246821811
2874
2751 4607068802751
495
2823 6372240272823
5238
1206 8109956401206
1109
7758 7832588607758
7658
5205 2946024485205
6329
1726 2901503681726
3877
327 4407946830327
6681
6871 5626700076871
2916
3280 5029510183280
2575
7280 8846993887280
2389
1816 8169898251816
4598
7410 2795686717410
4064
3919 7712052073919
5060
5573 5411483885573
7792
1173 7296575061173
6918
2419 4052333612419
1638
3216 6759584773216
2704
3125 9581672923125
2801
2822 7660530962822
5602
6556 7713938886556
7686
7340 5798032807340
3004
5532 863092135532
123
1033 8616533301033
3044
6431 5742099336431
3575
605 4981602050605
5844
5986 5015052155986
3180
5813 6386139165813
5659
2159 4578510152159
6636
392 7592782930392
2239
2964 2382525572964
4907 4994994534907
2489 5509540102489
5378
7212 4766514277212
2078
780 1067644220780
2980
786 3803331530786
543
268 9303570480268
2202
4305 3216667344305
219
5017 148978675017
1014
5821 9283632855821
7501
4957 8253755264957
3459
850 2344155680850
5074
5296 8835584725296
7869
6397 2574056856397
4136
6952 889928696952
1339
6816 3152071986816
4406
6007
1025
619 9137184220619
7101
2734 9109304432734
6856
2888 7124562032888
4753
4891 8605119324891
1592
5716 9836671495716
4013
3287 5754645373287
4919
1891 9404948061891
3983
2758 1722084832758
6472
3893 121406703893
7320
7871 3665582607871
6809 5217067176809
5762 6382637865762
2889
2888 3540326112888
127
7765 4020082747765
5237
2140 1540023702140
6960
5777 3368577255777
1301
4715 1043301424715
7395
3479 6390630863479
6874
4450 1471414474450
1093
1342 8677568821342
6864
2195 9447523472195
5427
5262 5697016835262
3369
1430
4228
5758 9293834385758
5909
3756 5704553993756
3968
6672 8752231526672
846
2583
2031
4850 8713541684850
7901
259 9087768340259
392
2656 979054682656
6349
4146
3165
4206 9221911484206
5984
6815 710764706815
3835
977 9697485160977
4735
4796 8880335794796
5954 7036455015954
3656 379782633656
5507
1363 2824838131363
5506 8740523305506
32 6137731720032
775
2773 5750813912773
5020
1305 2884409571305
3264
1103 2013773281103
2567 6975538072567
4820 5828183394820
4608
254 908584520254
5729
3209 4026292063209
7064
5557 8176257575557
2456
549 4982763210549
6837
2225
3908
2229 4235760192229
5260
7725 7807825497725
1412 7633156341412
3588 9851078563588
2768
3156 2722141143156
4803
6604 2261440256604
7688
4775 4215997754775
4080
4509 8894843394509
7782
4759 9437285414759
6832
5594 1934230095594
7713
4923 4633981124923
2598
4419 4773198044419
7781
3444 8571547033444
541 6864963330541
1655 7312415721655
7260
7635 7476306677635
972
3266 3797014803266
5566
5221 401286455221
4636
3180 1839515353180
5178
1813 8753696451813
7323
3769 5737784603769
