10
89072 100
1272 2433 2831 2951 4421 5695 7705 7709 7984 8301 9625 9646 9821 9961 10295 10425 10785 11250 11533 12804 13184 18349 18666 19754 20409 20480 21239 21561 22123 24394 24512 25506 25918 26240 26291 27429 27449 29152 29256 30711 31059 31079 32079 35729 36499 36660 38245 38535 38783 38971 39227 43795 44211 44314 44421 45270 45445 46649 46665 46935 48275 49136 49272 49545 50407 51228 51765 51898 52669 58716 62200 63211 63250 64012 65014 65601 66106 67346 68115 70582 73212 73635 73679 74522 74576 75084 75209 77518 78105 78619 80332 81387 81522 82505 83026 84115 85278 86637 86809 88529 
914 1063 1109 1490 2145 2625 2801 5430 5487 6074 7990 9486 10110 10718 11312 11361 12129 12603 13741 14093 15011 15403 15643 17620 18098 18509 19257 20290 21612 21841 23386 24364 25112 25532 28308 29307 30437 30492 30960 31034 31539 32630 32647 33564 33681 34244 35036 36242 36558 36591 37506 38178 39673 41276 42228 44946 45657 47255 47616 48065 49789 50085 51049 51118 52117 53821 54712 56851 59059 60375 61302 61428 61791 61988 62517 63430 64355 64591 65118 66449 68192 70484 71896 72374 72641 73556 73592 75531 76104 78591 79901 79993 80085 80748 82403 83218 83936 84388 87539 87745 
13618 100
130 334 638 1196 1333 1379 1412 1417 1980 2227 2488 2508 2761 2805 2994 3204 3410 3517 3560 3589 3815 3969 4023 4176 4228 4288 4374 4552 4594 4637 4727 4901 4905 5042 5128 5391 5486 5620 5714 5898 5992 6195 6334 6349 6381 6510 6556 6565 6713 6860 6864 6943 6962 7068 7120 7132 7332 7447 7486 7637 7964 8281 8310 8413 8986 9150 9188 9758 9868 9943 10147 10185 10492 10610 10709 10825 10877 10892 10929 11016 11039 11300 11955 11989 12051 12096 12164 12179 12223 12235 12309 12538 12610 12834 12864 12867 12951 13196 13513 13576 
167 269 414 1152 1173 1283 1574 1973 2134 2161 2184 2415 2748 2759 2959 3153 3449 3584 3743 3768 3784 3918 3959 3970 3995 4058 4262 4418 4450 4623 4634 4667 4982 5018 5120 5136 5195 5280 5426 5503 5538 5543 5625 5666 5772 5822 5979 6132 6213 6222 6285 6288 6357 6602 6708 6785 6869 6917 7193 7210 7300 7769 7802 7961 8116 8255 8489 8937 9051 9062 9105 9222 9461 9648 9746 9766 9817 10054 10064 10090 10110 10555 10671 10856 10988 11049 11077 11125 11385 11400 11766 11984 12197 12276 12517 12763 12812 12958 13420 13591 
40569 100
5 153 702 812 2244 2538 2708 2727 3275 3364 3976 4292 4570 4781 5365 5566 5929 5936 5992 6102 6550 7636 7733 7772 8299 9397 10032 10198 10631 10640 10999 11103 11240 11420 11693 11720 11790 12362 12656 12788 13114 13355 14589 14955 15019 15087 15137 16674 16978 19585 19903 20813 20947 21077 21134 21243 21286 21311 21686 21889 22154 22741 23065 23145 23540 23767 23886 24607 25524 25750 26142 26256 27229 28920 28957 29588 29672 30395 30690 30798 31176 31853 32005 32505 32561 33105 33657 33662 33700 35865 36622 36853 37175 37271 38500 38590 39028 39591 39921 40063 
437 1431 1464 1578 2799 2880 3101 3605 3688 4000 4071 4284 5250 5410 6015 6530 6725 8119 8210 8519 10157 10354 10560 10930 11152 11424 11878 12927 13126 13709 14451 14489 14621 15395 15624 15768 16496 16862 17051 17208 18363 18775 19082 20149 20808 21551 22448 22508 22616 23063 23323 23392 23617 24323 24350 24506 25004 25133 26180 26395 26408 26762 27143 27883 27942 28570 28631 29334 29926 30119 31507 31582 31628 31904 32105 32244 33311 33676 34211 34472 34607 34977 35106 35163 35433 35680 36289 36644 36773 36936 37034 37293 37311 38206 39183 39397 40103 40341 40345 40408 
50460 100
764 795 1220 2178 4052 4286 5427 6198 6221 6467 6906 6909 6914 7240 7475 7810 8294 9091 10300 10495 11500 12216 12395 12454 13179 13185 13643 13737 14174 15485 16197 16351 16860 17212 17705 17714 20251 20459 20465 20848 20978 21263 22951 24036 24234 24528 24985 25133 25440 26266 28508 28566 28571 28785 29517 29556 29664 29904 30618 30874 31190 31342 32764 34071 34714 35033 35740 36396 36459 36488 36655 36944 37556 38219 39393 39665 40141 40275 40298 40409 41016 42371 43767 44205 44460 45048 45702 46782 47171 47368 48009 48315 48365 48388 48851 49114 49506 49710 49839 50154 
778 932 1187 2748 3143 4339 4420 4770 6146 6770 6870 7283 7670 8561 8795 10234 10635 10644 10733 11067 11440 11895 12446 12462 12612 12862 13254 13365 14052 14846 14950 15193 16497 17495 17555 18102 18744 19234 19811 19973 20731 20751 21111 21353 21686 21966 22310 23572 23780 24525 24778 27373 27480 27795 28351 29049 29081 29111 29525 29676 31657 32074 32875 33114 33341 34150 34705 34878 35417 35666 36455 37278 37933 38320 38531 38545 39752 40342 40596 40676 40956 41223 41419 41454 41864 42771 43548 44031 44441 44719 44732 45745 45772 46160 46667 47044 47772 49194 50051 50394 
40263 100
201 1042 1798 1868 1911 3322 3510 3522 3537 3542 4195 4560 4601 5125 5256 5472 5830 5919 6395 6756 6897 7025 8059 8552 9414 9442 9460 9625 10051 10065 10081 10430 11732 13694 15444 16264 16737 16783 16953 17647 17856 19375 19592 19944 20423 20568 21093 21232 21393 22362 22583 23035 23951 23967 24401 24473 24861 26039 26078 27315 27677 28526 28749 28948 29029 29076 29265 30007 30198 30514 30819 31323 31340 31428 32050 32350 32404 32953 33561 33675 34015 34314 34484 34798 35222 35341 35387 35925 36284 36582 36899 36909 37216 37625 38521 38652 38706 38710 38993 39791 
1037 1151 1180 1533 2393 3398 4472 4912 5016 5017 5168 5357 5588 6346 6372 6678 7112 7297 7579 8154 9691 9820 10076 10191 10324 10622 10859 11730 11932 12030 12100 12433 13668 13796 13928 14069 14476 15673 15740 16537 16781 17206 17465 17759 17873 18436 18985 18993 19245 19361 20182 20630 20830 21667 22348 23023 23397 24555 24667 25112 25192 25480 25821 27149 27240 27274 27516 27555 27948 28434 28729 28871 29016 29180 29396 29666 29820 30803 30963 31484 32505 32524 32777 32933 33471 34033 34120 34215 34412 34898 34938 34985 35363 36896 36919 36921 37582 38780 39313 40240 
83031 100
1293 1811 4608 5028 5635 6326 6418 6798 6807 10559 10828 10934 11748 11848 12036 12217 13795 14317 14584 14615 15481 15689 16241 17291 17533 18300 18893 18951 19779 19946 20045 20272 21645 21683 23709 24266 24741 25366 26302 31128 31136 31536 31842 31869 34732 35859 36585 37577 38245 38342 40595 40856 41285 42156 42369 42425 42739 43722 44169 45711 46018 47338 47487 47518 47747 49133 50907 52627 52891 53244 54216 54996 57008 57234 59592 59614 59904 60530 60992 62724 62981 63231 64035 64991 65149 65331 65390 67609 67798 67803 71648 71830 72565 75303 79066 79648 79752 81020 82767 82850 
59 1998 2808 2873 3055 3604 4134 5189 5832 7821 7857 8243 8376 8639 8741 10480 13106 13189 16401 16444 16656 17879 18071 19428 19657 20043 20849 20874 21625 22180 23995 24186 25259 25394 26350 26907 26910 27070 28129 28286 30097 30387 30884 32019 36236 37595 38844 39446 39766 40862 41045 41669 42019 43470 44038 44057 44414 44562 45178 46050 46548 48201 49344 49869 50960 53282 55199 57113 57194 57197 58674 61600 62811 64833 65377 65435 65494 66972 67591 68336 68583 68641 68771 70820 71809 71985 72386 72470 72995 73701 74027 74676 75347 77296 77464 78506 78818 79546 80598 81181 
1663 100
18 83 96 109 116 121 127 129 136 163 166 167 218 219 220 234 235 244 276 279 301 310 324 349 352 392 408 417 445 450 451 452 470 476 504 526 546 573 580 586 593 596 602 606 612 622 657 748 771 777 792 805 808 866 885 886 888 929 931 984 986 999 1016 1051 1065 1114 1119 1135 1138 1148 1165 1193 1205 1212 1226 1265 1279 1295 1300 1315 1325 1330 1345 1348 1374 1381 1392 1402 1403 1433 1450 1535 1548 1550 1596 1602 1617 1631 1644 1656 
56 86 98 101 125 129 136 151 183 187 198 201 202 246 255 267 292 300 303 380 394 397 403 404 439 452 476 489 502 528 539 554 563 600 641 670 676 678 689 713 726 738 753 782 802 853 861 867 875 888 895 918 937 946 953 962 971 972 991 999 1028 1031 1038 1044 1057 1078 1090 1127 1134 1161 1174 1200 1251 1258 1260 1262 1263 1300 1329 1361 1365 1374 1375 1391 1424 1450 1454 1460 1462 1496 1501 1512 1521 1548 1566 1599 1607 1614 1643 1649 
58309 100
202 584 696 1084 1114 1805 2187 2553 3693 3771 5020 5380 6828 8247 8770 9172 9356 9635 10394 10934 11313 12687 12725 13045 13543 13961 14191 14743 15856 16379 16412 16882 17043 17163 17222 17298 17617 18968 19874 20622 20721 22670 23548 23916 24545 24638 24855 25352 25530 25684 25742 27159 27548 29244 29468 30851 31696 31801 31841 34011 34042 34245 34446 34585 34852 35791 36084 36531 38438 39226 39557 39776 40484 40599 40690 41214 42593 42708 42786 44319 45951 46445 46859 47035 49463 49943 50379 51106 51726 51794 52464 52961 53159 53408 53773 55625 56080 56738 57539 58189 
532 598 943 1457 1500 1819 1859 1924 2191 2218 2960 3647 3675 4533 4891 6330 6866 7528 7586 8176 8460 8712 10106 10454 10503 10683 10869 11720 12066 12838 12957 13439 14393 16092 16508 16610 18218 18391 19171 19286 19328 19560 20270 20382 21522 22292 23108 25644 25998 27649 29457 30177 30712 30935 31128 32058 32265 32336 32625 33171 33918 33993 34999 35080 35661 35949 36010 36108 36185 37476 38008 38139 38387 38967 39079 39717 40172 40184 40305 40958 41935 42355 46331 48856 49977 50107 50793 50922 51159 52324 52671 52759 52896 52936 54370 54955 54989 57092 57105 57226 
50190 100
471 682 862 1353 2350 2690 2989 3388 3665 3805 5518 6838 6865 7091 7486 7854 8081 8335 8356 9745 10117 10170 10606 11935 12056 12146 12711 13113 13450 14406 14822 14944 15808 16511 16833 17386 18002 19366 19501 20036 21243 21748 22385 22600 23381 24178 24260 25436 26195 26248 26279 26562 27799 28519 29101 29318 29532 29777 30943 31790 32189 32911 32969 33103 33164 34048 36223 36470 37210 37297 38286 38583 39054 39986 40196 40602 40672 41124 41445 41630 41945 42521 43208 43283 43348 43641 43837 43890 43948 44471 44874 44967 45113 45364 45828 46407 47071 47300 48757 49215 
574 945 1197 1881 2173 2383 2423 2563 4443 5091 5805 7481 8183 8446 9220 9355 10046 10597 11021 11165 11417 12359 12704 13035 13086 13220 13344 13587 13997 14200 15256 15318 15581 16144 16538 17025 17494 17701 17710 18411 19301 19708 21033 22129 22637 22978 22982 23075 23231 24530 24636 25062 25210 25758 25852 26824 28743 29388 29629 30656 30760 30848 31235 31991 32976 33063 33109 33830 34164 34286 34655 35325 35482 35663 35852 36076 36253 37238 37421 38894 39502 40106 40783 42332 42693 43131 43155 45292 45583 45623 45730 46351 47639 47684 48246 48748 48935 49028 49502 49753 
44030 100
165 1226 1389 1455 1524 1694 2786 3106 3785 4123 5105 5109 5451 6061 6077 6899 7219 7426 9476 9563 9631 9893 10012 10767 11257 11971 11989 12322 12622 13050 13062 13430 13449 13654 13766 13880 14076 14110 14496 15299 15433 15513 15886 16538 17317 17789 18645 18779 19626 19892 19958 20219 20439 20724 20836 21128 21963 22651 23567 23742 24204 24775 24786 24915 26566 27168 27671 29045 29279 30111 30504 30838 31178 31266 31429 31631 31873 31919 32249 32730 33141 33514 33635 33704 33738 33956 34944 36269 36756 38060 38253 39969 40064 41373 41518 43238 43319 43484 43541 43807 
81 184 212 357 2798 2966 3407 3523 3767 4004 4460 4667 4707 7811 8350 8386 8625 8920 9003 9333 9338 9478 9882 10022 10578 11034 11563 12144 12373 12531 12851 15612 16582 16603 16856 17380 17636 17717 18026 18162 18178 19810 19883 19954 20519 20539 20619 21137 21728 22308 22782 23704 23759 24440 24944 25098 25105 25111 25759 27165 27741 30877 31158 31217 31953 32680 33040 34244 34882 34939 35231 36594 36883 37081 37729 37776 38049 38075 38131 38675 38885 39738 39848 39849 39922 39988 40017 40137 40187 40727 41015 41538 42664 42766 42846 43041 43042 43153 43580 44005 
