100 100 100
11 1 14 7 8 5 6 4 16 1 16 2 15 20 1 12 4 13 15 3 14 15 17 11 16 11 1 19 1 10 2 4 1 12 5 12 11 9 6 19 2 11 8 4 8 2 5 2 16 4 20 4 1 8 20 2 14 8 33 10 11 9 66 1 9 17 31 2 16 7 44 12 1 99 11 4 7 8 12 11 88 10 8 2 4 1 5 12 7 19 13 22 15 7 12 1 17 13 17 6
20 15 99 100
8 11 25 100
7 5 31 55
14 12 39 69
14 20 19 68
3 20 83 86
16 14 91 98
19 2 79 95
2 19 45 55
14 20 65 84
10 6 11 84
19 14 7 71
6 2 99 100
15 5 91 92
15 10 91 93
15 3 59 82
3 19 41 99
15 15 59 92
3 9 93 95
11 12 87 100
5 9 51 54
18 11 69 89
11 7 77 86
17 8 11 96
9 1 73 78
18 16 11 22
2 10 95 97
8 2 49 99
13 6 31 73
14 17 59 84
14 10 69 96
1 16 49 78
7 14 29 60
11 17 73 84
5 13 63 97
15 8 87 88
5 3 53 68
14 19 63 65
16 5 19 61
11 16 25 95
3 17 15 69
9 4 15 55
20 19 83 96
4 18 53 67
18 31 61 76
3 7 1 21
19 17 13 71
6 5 15 16
1 3 29 84
2 8 67 75
1 2 85 99
10 7 31 73
20 14 17 88
12 14 83 99
5 5 75 95
16 17 51 89
15 1 9 20
15 7 69 84
5 20 89 97
15 13 63 93
5 16 43 63
11 7 99 99
13 18 61 86
4 16 95 97
1 4 53 93
6 9 91 98
19 3 43 68
18 4 51 56
1 8 45 99
1 15 63 99
7 19 23 97
1 2 33 94
19 3 33 53
31 5 29 77
9 10 27 50
5 14 63 78
8 15 87 98
3 18 89 89
2 9 69 92
12 16 85 88
2 1 21 48
6 9 95 96
9 13 79 97
5 6 93 99
16 12 3 38
2 1 37 78
2 2 1 41
6 9 51 90
17 13 43 73
17 11 1 36
4 3 35 77
44 5 39 87
1 12 1 12
7 20 19 99
1 2 39 91
14 12 41 62
20 4 45 65
17 9 7 61
10 2 3 53
4 100 51 95
