516
1 2
2 3
1 4
2 5
2 6
5 7
2 8
2 9
7 10
4 11
7 12
9 13
6 14
4 15
1 16
5 17
10 18
11 19
14 20
1 21
17 22
8 23
1 24
19 25
6 26
26 27
7 28
10 29
10 30
24 31
31 32
8 33
30 34
25 35
25 36
6 37
13 38
6 39
21 40
36 41
24 42
37 43
29 44
22 45
14 46
17 47
45 48
10 49
5 50
39 51
30 52
14 53
9 54
32 55
50 56
52 57
5 58
9 59
17 60
55 61
15 62
31 63
16 64
18 65
11 66
5 67
53 68
41 69
64 70
65 71
21 72
30 73
63 74
44 75
30 76
34 77
21 78
2 79
23 80
31 81
13 82
19 83
36 84
35 85
26 86
61 87
5 88
48 89
42 90
34 91
73 92
83 93
40 94
43 95
91 96
5 97
92 98
62 99
82 100
91 101
14 102
85 103
72 104
58 105
10 106
13 107
98 108
55 109
22 110
38 111
2 112
96 113
54 114
20 115
4 116
47 117
84 118
42 119
14 120
6 121
81 122
46 123
7 124
100 125
18 126
9 127
91 128
95 129
70 130
69 131
53 132
90 133
64 134
124 135
120 136
63 137
102 138
100 139
81 140
32 141
105 142
25 143
73 144
21 145
97 146
74 147
45 148
56 149
115 150
120 151
84 152
98 153
62 154
37 155
76 156
18 157
33 158
58 159
24 160
30 161
28 162
155 163
111 164
17 165
63 166
77 167
45 168
143 169
74 170
33 171
169 172
25 173
171 174
92 175
126 176
128 177
5 178
44 179
78 180
88 181
6 182
102 183
77 184
79 185
45 186
90 187
115 188
89 189
178 190
54 191
159 192
70 193
115 194
73 195
118 196
191 197
108 198
48 199
100 200
67 201
25 202
36 203
60 204
90 205
190 206
43 207
206 208
195 209
50 210
108 211
69 212
32 213
103 214
4 215
154 216
161 217
6 218
57 219
100 220
124 221
216 222
70 223
105 224
51 225
165 226
141 227
62 228
86 229
48 230
51 231
116 232
18 233
9 234
156 235
103 236
115 237
235 238
192 239
126 240
198 241
4 242
240 243
84 244
179 245
156 246
26 247
107 248
245 249
226 250
119 251
240 252
252 253
48 254
144 255
17 256
68 257
173 258
162 259
184 260
86 261
63 262
216 263
69 264
115 265
71 266
134 267
42 268
149 269
76 270
176 271
92 272
37 273
36 274
214 275
187 276
115 277
185 278
154 279
56 280
30 281
34 282
59 283
212 284
85 285
133 286
139 287
62 288
85 289
215 290
50 291
255 292
221 293
152 294
244 295
182 296
68 297
279 298
42 299
201 300
56 301
285 302
279 303
142 304
63 305
261 306
89 307
217 308
121 309
26 310
242 311
190 312
65 313
283 314
7 315
196 316
214 317
167 318
305 319
35 320
166 321
312 322
243 323
79 324
161 325
293 326
252 327
228 328
206 329
228 330
299 331
136 332
271 333
298 334
117 335
221 336
80 337
3 338
247 339
317 340
203 341
77 342
97 343
333 344
11 345
148 346
25 347
335 348
198 349
37 350
182 351
196 352
230 353
108 354
338 355
240 356
48 357
216 358
72 359
213 360
234 361
325 362
43 363
251 364
151 365
3 366
9 367
98 368
192 369
199 370
19 371
357 372
367 373
136 374
245 375
118 376
137 377
254 378
235 379
11 380
174 381
20 382
350 383
267 384
230 385
145 386
346 387
370 388
66 389
69 390
100 391
94 392
292 393
38 394
380 395
200 396
382 397
50 398
338 399
128 400
146 401
325 402
203 403
226 404
28 405
57 406
403 407
313 408
266 409
49 410
230 411
89 412
352 413
352 414
174 415
118 416
105 417
289 418
331 419
352 420
283 421
386 422
91 423
209 424
332 425
207 426
213 427
84 428
366 429
249 430
362 431
406 432
219 433
126 434
94 435
118 436
431 437
426 438
309 439
143 440
146 441
43 442
102 443
306 444
76 445
360 446
429 447
383 448
223 449
272 450
5 451
156 452
270 453
439 454
348 455
221 456
209 457
51 458
131 459
364 460
397 461
454 462
401 463
101 464
220 465
243 466
35 467
267 468
458 469
327 470
244 471
29 472
399 473
346 474
267 475
34 476
361 477
350 478
100 479
384 480
266 481
149 482
147 483
333 484
261 485
68 486
313 487
204 488
82 489
448 490
358 491
405 492
238 493
253 494
415 495
486 496
2 497
454 498
79 499
324 500
394 501
129 502
326 503
167 504
242 505
271 506
183 507
40 508
232 509
8 510
179 511
460 512
227 513
301 514
39 515
407 516
1 2
2 3
3 4
4 5
2 6
4 7
6 8
8 9
4 10
3 11
4 12
10 13
11 14
2 15
12 16
5 17
3 18
15 19
10 20
3 21
15 22
8 23
2 24
21 25
12 26
16 27
21 28
5 29
9 30
30 31
6 32
9 33
7 34
10 35
24 36
23 37
25 38
20 39
17 40
28 41
11 42
18 43
27 44
25 45
39 46
37 47
15 48
38 49
5 50
19 51
8 52
16 53
29 54
19 55
21 56
47 57
14 58
5 59
56 60
18 61
12 62
57 63
31 64
9 65
6 66
15 67
11 68
24 69
39 70
33 71
36 72
55 73
37 74
74 75
45 76
72 77
42 78
67 79
75 80
26 81
51 82
35 83
51 84
33 85
30 86
55 87
40 88
51 89
29 90
90 91
79 92
44 93
37 94
73 95
71 96
12 97
95 98
7 99
25 100
63 101
94 102
41 103
37 104
55 105
62 106
15 107
15 108
3 109
9 110
24 111
37 112
23 113
4 114
29 115
46 116
106 117
66 118
18 119
14 120
102 121
22 122
81 123
49 124
9 125
63 126
48 127
46 128
17 129
31 130
88 131
81 132
131 133
104 134
14 135
82 136
136 137
6 138
39 139
77 140
79 141
35 142
7 143
15 144
43 145
95 146
109 147
140 148
34 149
148 150
90 151
85 152
59 153
108 154
86 155
96 156
32 157
3 158
57 159
127 160
74 161
43 162
116 163
111 164
134 165
71 166
34 167
18 168
64 169
107 170
105 171
78 172
103 173
126 174
60 175
52 176
89 177
147 178
156 179
18 180
7 181
25 182
26 183
42 184
123 185
86 186
117 187
92 188
162 189
152 190
102 191
14 192
188 193
63 194
82 195
101 196
139 197
65 198
131 199
145 200
196 201
32 202
115 203
127 204
182 205
163 206
162 207
85 208
16 209
152 210
160 211
136 212
157 213
209 214
38 215
37 216
101 217
181 218
26 219
119 220
77 221
4 222
206 223
198 224
53 225
140 226
134 227
49 228
135 229
218 230
217 231
222 232
91 233
210 234
2 235
41 236
194 237
86 238
159 239
157 240
120 241
83 242
208 243
227 244
13 245
164 246
47 247
65 248
131 249
86 250
214 251
130 252
116 253
56 254
59 255
173 256
59 257
226 258
117 259
210 260
108 261
158 262
238 263
26 264
22 265
152 266
196 267
190 268
94 269
112 270
242 271
254 272
136 273
31 274
258 275
164 276
58 277
181 278
32 279
85 280
229 281
224 282
167 283
253 284
8 285
279 286
256 287
138 288
154 289
167 290
169 291
270 292
156 293
233 294
212 295
156 296
185 297
281 298
7 299
87 300
129 301
272 302
153 303
66 304
45 305
298 306
208 307
240 308
120 309
293 310
66 311
223 312
11 313
242 314
287 315
286 316
121 317
136 318
275 319
147 320
65 321
188 322
123 323
175 324
42 325
30 326
206 327
256 328
2 329
278 330
259 331
108 332
174 333
169 334
289 335
192 336
87 337
97 338
17 339
221 340
82 341
177 342
148 343
194 344
115 345
271 346
140 347
195 348
105 349
140 350
108 351
6 352
127 353
298 354
300 355
272 356
243 357
69 358
37 359
286 360
128 361
130 362
16 363
82 364
194 365
354 366
126 367
84 368
47 369
18 370
96 371
139 372
233 373
246 374
205 375
306 376
298 377
358 378
315 379
62 380
95 381
300 382
236 383
63 384
342 385
98 386
161 387
295 388
209 389
336 390
338 391
218 392
74 393
70 394
241 395
368 396
213 397
291 398
358 399
12 400
161 401
397 402
379 403
19 404
321 405
172 406
202 407
58 408
263 409
39 410
329 411
383 412
267 413
339 414
239 415
37 416
360 417
318 418
55 419
18 420
356 421
409 422
5 423
368 424
118 425
139 426
16 427
133 428
24 429
273 430
395 431
295 432
316 433
406 434
288 435
405 436
21 437
325 438
153 439
420 440
111 441
296 442
198 443
173 444
198 445
243 446
386 447
187 448
218 449
35 450
125 451
145 452
141 453
140 454
427 455
371 456
244 457
271 458
403 459
346 460
79 461
137 462
299 463
401 464
113 465
184 466
285 467
394 468
362 469
439 470
403 471
298 472
138 473
130 474
100 475
465 476
118 477
54 478
273 479
359 480
247 481
397 482
459 483
280 484
185 485
343 486
476 487
453 488
255 489
48 490
292 491
126 492
35 493
348 494
217 495
403 496
271 497
125 498
108 499
248 500
154 501
7 502
127 503
394 504
39 505
173 506
151 507
280 508
201 509
288 510
212 511
297 512
34 513
281 514
403 515
371 516