5047
1 2
1 3
3 4
2 5
3 6
5 7
2 8
7 9
1 10
10 11
3 12
9 13
8 14
2 15
10 16
15 17
12 18
3 19
15 20
17 21
5 22
4 23
4 24
11 25
9 26
19 27
21 28
17 29
3 30
28 31
5 32
23 33
8 34
3 35
8 36
31 37
24 38
22 39
28 40
29 41
30 42
19 43
37 44
16 45
43 46
1 47
17 48
44 49
39 50
9 51
8 52
33 53
22 54
28 55
6 56
38 57
12 58
39 59
32 60
44 61
32 62
25 63
16 64
61 65
64 66
1 67
50 68
67 69
63 70
46 71
70 72
36 73
21 74
34 75
21 76
32 77
30 78
35 79
56 80
22 81
14 82
48 83
44 84
4 85
54 86
45 87
72 88
60 89
78 90
49 91
9 92
8 93
53 94
74 95
50 96
42 97
63 98
36 99
63 100
68 101
99 102
55 103
73 104
88 105
48 106
53 107
17 108
11 109
33 110
69 111
99 112
55 113
77 114
58 115
69 116
109 117
73 118
70 119
3 120
103 121
10 122
91 123
45 124
58 125
32 126
35 127
68 128
81 129
11 130
18 131
45 132
108 133
60 134
42 135
1 136
121 137
47 138
79 139
84 140
133 141
21 142
16 143
141 144
10 145
95 146
127 147
76 148
76 149
21 150
121 151
123 152
144 153
49 154
35 155
117 156
23 157
148 158
35 159
65 160
98 161
54 162
99 163
128 164
47 165
125 166
130 167
53 168
167 169
19 170
146 171
12 172
148 173
33 174
150 175
5 176
92 177
95 178
8 179
123 180
2 181
54 182
118 183
78 184
114 185
117 186
60 187
171 188
124 189
3 190
145 191
183 192
141 193
171 194
120 195
37 196
117 197
64 198
114 199
56 200
75 201
64 202
153 203
3 204
15 205
151 206
33 207
90 208
72 209
197 210
151 211
78 212
51 213
194 214
94 215
16 216
84 217
6 218
174 219
65 220
113 221
5 222
20 223
219 224
20 225
93 226
134 227
60 228
11 229
214 230
146 231
61 232
80 233
49 234
36 235
148 236
34 237
172 238
57 239
68 240
86 241
145 242
143 243
139 244
149 245
113 246
36 247
24 248
145 249
219 250
233 251
250 252
131 253
79 254
128 255
72 256
16 257
19 258
128 259
112 260
226 261
153 262
175 263
73 264
34 265
197 266
47 267
127 268
211 269
172 270
192 271
170 272
264 273
66 274
108 275
252 276
120 277
42 278
137 279
73 280
243 281
81 282
97 283
145 284
131 285
210 286
189 287
222 288
150 289
150 290
7 291
35 292
170 293
212 294
76 295
234 296
136 297
199 298
146 299
29 300
50 301
271 302
62 303
103 304
32 305
16 306
65 307
177 308
150 309
96 310
160 311
154 312
250 313
40 314
101 315
9 316
151 317
39 318
280 319
9 320
222 321
196 322
43 323
125 324
161 325
255 326
69 327
170 328
17 329
73 330
150 331
251 332
133 333
167 334
60 335
47 336
225 337
237 338
263 339
90 340
97 341
53 342
246 343
227 344
318 345
67 346
41 347
228 348
19 349
239 350
119 351
297 352
51 353
186 354
264 355
272 356
86 357
267 358
118 359
99 360
86 361
13 362
80 363
335 364
311 365
239 366
58 367
121 368
3 369
106 370
197 371
135 372
117 373
137 374
247 375
25 376
355 377
39 378
250 379
188 380
336 381
258 382
22 383
83 384
183 385
377 386
322 387
282 388
31 389
137 390
183 391
124 392
221 393
62 394
22 395
350 396
383 397
264 398
362 399
81 400
167 401
236 402
40 403
234 404
258 405
197 406
169 407
126 408
130 409
408 410
41 411
216 412
7 413
141 414
63 415
181 416
186 417
115 418
240 419
162 420
77 421
380 422
98 423
114 424
304 425
306 426
416 427
249 428
161 429
366 430
366 431
239 432
309 433
209 434
356 435
359 436
46 437
118 438
340 439
185 440
400 441
51 442
197 443
62 444
2 445
139 446
120 447
282 448
219 449
42 450
138 451
72 452
278 453
336 454
103 455
340 456
183 457
374 458
328 459
455 460
126 461
245 462
385 463
196 464
463 465
425 466
325 467
274 468
280 469
419 470
449 471
238 472
368 473
463 474
438 475
198 476
410 477
132 478
319 479
463 480
331 481
179 482
199 483
177 484
47 485
271 486
253 487
46 488
237 489
36 490
449 491
187 492
255 493
408 494
399 495
145 496
457 497
147 498
333 499
463 500
460 501
466 502
416 503
78 504
103 505
50 506
79 507
285 508
319 509
507 510
380 511
111 512
511 513
405 514
421 515
454 516
355 517
365 518
465 519
241 520
269 521
346 522
395 523
333 524
242 525
109 526
471 527
168 528
331 529
494 530
514 531
398 532
454 533
345 534
481 535
393 536
125 537
205 538
303 539
199 540
486 541
496 542
225 543
307 544
283 545
361 546
534 547
291 548
430 549
425 550
512 551
409 552
230 553
416 554
527 555
256 556
423 557
169 558
426 559
521 560
370 561
121 562
377 563
440 564
157 565
23 566
341 567
470 568
505 569
342 570
178 571
469 572
297 573
548 574
364 575
133 576
171 577
27 578
208 579
404 580
392 581
299 582
215 583
277 584
282 585
266 586
511 587
582 588
359 589
141 590
161 591
581 592
591 593
358 594
352 595
496 596
76 597
309 598
240 599
71 600
200 601
196 602
461 603
34 604
239 605
525 606
568 607
72 608
526 609
187 610
252 611
66 612
583 613
268 614
292 615
366 616
463 617
3 618
440 619
429 620
335 621
93 622
600 623
317 624
147 625
71 626
312 627
143 628
610 629
252 630
407 631
457 632
300 633
267 634
394 635
554 636
221 637
371 638
386 639
483 640
558 641
547 642
206 643
638 644
572 645
151 646
370 647
357 648
355 649
58 650
447 651
372 652
36 653
334 654
314 655
256 656
645 657
596 658
170 659
230 660
633 661
225 662
451 663
472 664
33 665
420 666
64 667
546 668
81 669
511 670
407 671
448 672
477 673
14 674
508 675
199 676
303 677
406 678
69 679
592 680
452 681
220 682
203 683
620 684
599 685
667 686
108 687
147 688
371 689
582 690
435 691
623 692
595 693
229 694
376 695
424 696
270 697
124 698
305 699
469 700
547 701
568 702
78 703
174 704
599 705
109 706
81 707
518 708
372 709
615 710
269 711
164 712
464 713
422 714
323 715
697 716
15 717
367 718
700 719
473 720
260 721
506 722
428 723
642 724
500 725
141 726
620 727
14 728
348 729
498 730
163 731
351 732
517 733
198 734
650 735
492 736
240 737
75 738
247 739
674 740
76 741
667 742
360 743
311 744
302 745
232 746
101 747
713 748
1 749
564 750
65 751
176 752
335 753
472 754
629 755
605 756
424 757
96 758
440 759
29 760
316 761
633 762
612 763
153 764
276 765
704 766
307 767
78 768
732 769
693 770
724 771
468 772
430 773
514 774
671 775
705 776
710 777
493 778
589 779
232 780
584 781
567 782
342 783
653 784
517 785
606 786
273 787
91 788
240 789
414 790
643 791
122 792
715 793
130 794
176 795
269 796
308 797
153 798
232 799
538 800
581 801
459 802
776 803
94 804
502 805
692 806
210 807
29 808
389 809
56 810
173 811
753 812
364 813
195 814
390 815
197 816
237 817
110 818
183 819
7 820
382 821
584 822
717 823
235 824
133 825
131 826
191 827
777 828
25 829
383 830
460 831
370 832
76 833
723 834
704 835
496 836
637 837
141 838
762 839
44 840
405 841
115 842
150 843
699 844
138 845
288 846
806 847
742 848
349 849
720 850
6 851
553 852
149 853
787 854
401 855
271 856
330 857
426 858
769 859
658 860
21 861
692 862
69 863
52 864
774 865
611 866
81 867
258 868
502 869
749 870
29 871
105 872
567 873
3 874
339 875
463 876
565 877
140 878
140 879
234 880
211 881
600 882
543 883
554 884
435 885
503 886
862 887
190 888
630 889
570 890
497 891
864 892
836 893
805 894
161 895
102 896
465 897
17 898
620 899
890 900
383 901
758 902
705 903
165 904
183 905
187 906
376 907
595 908
322 909
670 910
489 911
104 912
205 913
426 914
453 915
423 916
888 917
56 918
893 919
371 920
70 921
486 922
43 923
712 924
817 925
22 926
647 927
191 928
728 929
436 930
747 931
606 932
284 933
528 934
48 935
199 936
225 937
209 938
238 939
46 940
162 941
810 942
329 943
715 944
353 945
191 946
244 947
167 948
821 949
722 950
477 951
686 952
372 953
247 954
333 955
590 956
178 957
918 958
205 959
930 960
855 961
371 962
34 963
412 964
729 965
545 966
746 967
238 968
556 969
630 970
192 971
825 972
248 973
21 974
58 975
674 976
337 977
170 978
479 979
868 980
379 981
589 982
665 983
633 984
878 985
483 986
172 987
234 988
487 989
922 990
975 991
576 992
992 993
235 994
281 995
181 996
566 997
133 998
858 999
6 1000
437 1001
256 1002
893 1003
681 1004
790 1005
478 1006
547 1007
982 1008
603 1009
818 1010
246 1011
64 1012
545 1013
129 1014
628 1015
135 1016
739 1017
361 1018
148 1019
936 1020
945 1021
809 1022
341 1023
15 1024
1012 1025
72 1026
511 1027
673 1028
1024 1029
183 1030
376 1031
695 1032
758 1033
335 1034
470 1035
258 1036
980 1037
326 1038
491 1039
549 1040
898 1041
139 1042
470 1043
65 1044
572 1045
610 1046
411 1047
820 1048
796 1049
833 1050
825 1051
932 1052
190 1053
767 1054
372 1055
974 1056
263 1057
905 1058
874 1059
626 1060
938 1061
381 1062
375 1063
545 1064
952 1065
1002 1066
237 1067
561 1068
577 1069
837 1070
917 1071
217 1072
887 1073
167 1074
118 1075
804 1076
771 1077
418 1078
310 1079
910 1080
316 1081
305 1082
314 1083
107 1084
433 1085
158 1086
468 1087
614 1088
840 1089
130 1090
588 1091
788 1092
903 1093
876 1094
127 1095
286 1096
427 1097
1089 1098
431 1099
508 1100
178 1101
768 1102
301 1103
900 1104
616 1105
1095 1106
723 1107
84 1108
932 1109
329 1110
52 1111
600 1112
815 1113
1038 1114
186 1115
140 1116
573 1117
1039 1118
121 1119
792 1120
501 1121
489 1122
849 1123
743 1124
566 1125
726 1126
172 1127
208 1128
980 1129
776 1130
997 1131
169 1132
568 1133
237 1134
845 1135
1126 1136
519 1137
643 1138
335 1139
138 1140
135 1141
877 1142
393 1143
893 1144
518 1145
488 1146
575 1147
840 1148
939 1149
269 1150
234 1151
441 1152
1040 1153
45 1154
674 1155
572 1156
1147 1157
200 1158
608 1159
351 1160
229 1161
444 1162
49 1163
246 1164
870 1165
619 1166
1016 1167
533 1168
732 1169
222 1170
464 1171
319 1172
1009 1173
592 1174
792 1175
1071 1176
41 1177
378 1178
416 1179
475 1180
45 1181
605 1182
472 1183
853 1184
1040 1185
613 1186
520 1187
1064 1188
5 1189
434 1190
1122 1191
617 1192
990 1193
1002 1194
692 1195
830 1196
318 1197
905 1198
168 1199
322 1200
652 1201
227 1202
790 1203
789 1204
1137 1205
341 1206
919 1207
1048 1208
479 1209
697 1210
353 1211
902 1212
213 1213
251 1214
716 1215
707 1216
551 1217
659 1218
699 1219
759 1220
130 1221
375 1222
1115 1223
371 1224
234 1225
355 1226
216 1227
465 1228
109 1229
456 1230
550 1231
1138 1232
107 1233
773 1234
848 1235
978 1236
976 1237
552 1238
821 1239
603 1240
1096 1241
283 1242
1037 1243
1012 1244
194 1245
534 1246
582 1247
855 1248
1240 1249
51 1250
185 1251
316 1252
161 1253
1064 1254
844 1255
934 1256
566 1257
1020 1258
810 1259
1216 1260
350 1261
955 1262
371 1263
1157 1264
489 1265
1227 1266
225 1267
675 1268
214 1269
930 1270
515 1271
1220 1272
531 1273
1010 1274
530 1275
239 1276
1244 1277
711 1278
493 1279
1104 1280
306 1281
99 1282
115 1283
197 1284
659 1285
861 1286
170 1287
1169 1288
256 1289
471 1290
910 1291
771 1292
1161 1293
1260 1294
530 1295
501 1296
861 1297
905 1298
164 1299
503 1300
581 1301
1017 1302
163 1303
698 1304
1128 1305
374 1306
1019 1307
525 1308
742 1309
804 1310
372 1311
435 1312
174 1313
1077 1314
44 1315
428 1316
660 1317
409 1318
285 1319
537 1320
695 1321
78 1322
592 1323
201 1324
105 1325
466 1326
387 1327
218 1328
108 1329
1200 1330
282 1331
564 1332
166 1333
1285 1334
183 1335
1277 1336
1055 1337
753 1338
667 1339
981 1340
1314 1341
831 1342
757 1343
1087 1344
405 1345
953 1346
655 1347
712 1348
1279 1349
337 1350
139 1351
576 1352
1182 1353
410 1354
963 1355
487 1356
1048 1357
1214 1358
924 1359
367 1360
1016 1361
457 1362
907 1363
1294 1364
1110 1365
1335 1366
695 1367
1057 1368
234 1369
377 1370
872 1371
757 1372
962 1373
218 1374
416 1375
1019 1376
842 1377
740 1378
880 1379
337 1380
750 1381
179 1382
492 1383
10 1384
960 1385
136 1386
916 1387
467 1388
607 1389
31 1390
1338 1391
32 1392
112 1393
845 1394
1062 1395
810 1396
1137 1397
989 1398
93 1399
101 1400
957 1401
973 1402
563 1403
557 1404
482 1405
1014 1406
761 1407
997 1408
1159 1409
863 1410
1028 1411
534 1412
552 1413
514 1414
21 1415
1335 1416
474 1417
943 1418
602 1419
173 1420
1320 1421
1067 1422
252 1423
1093 1424
1405 1425
1048 1426
1214 1427
543 1428
101 1429
867 1430
1151 1431
217 1432
84 1433
1018 1434
838 1435
1154 1436
954 1437
37 1438
1262 1439
728 1440
1313 1441
876 1442
1231 1443
733 1444
684 1445
493 1446
1092 1447
47 1448
514 1449
771 1450
950 1451
823 1452
213 1453
1161 1454
436 1455
893 1456
555 1457
75 1458
880 1459
1262 1460
394 1461
195 1462
1345 1463
270 1464
897 1465
162 1466
1076 1467
1020 1468
835 1469
949 1470
899 1471
757 1472
895 1473
1033 1474
1324 1475
1389 1476
1298 1477
1236 1478
18 1479
931 1480
1469 1481
1414 1482
535 1483
110 1484
1408 1485
659 1486
619 1487
282 1488
23 1489
67 1490
1002 1491
955 1492
1351 1493
89 1494
644 1495
958 1496
1234 1497
1105 1498
517 1499
981 1500
1288 1501
814 1502
152 1503
864 1504
374 1505
444 1506
1438 1507
1135 1508
215 1509
363 1510
995 1511
771 1512
515 1513
1397 1514
262 1515
216 1516
766 1517
979 1518
272 1519
386 1520
858 1521
49 1522
1026 1523
663 1524
293 1525
1275 1526
1116 1527
959 1528
62 1529
920 1530
1172 1531
170 1532
471 1533
1435 1534
218 1535
1325 1536
296 1537
223 1538
181 1539
1282 1540
609 1541
645 1542
707 1543
1014 1544
457 1545
124 1546
971 1547
257 1548
312 1549
1298 1550
1295 1551
554 1552
1262 1553
172 1554
754 1555
948 1556
177 1557
547 1558
725 1559
1105 1560
1156 1561
150 1562
956 1563
1424 1564
573 1565
312 1566
925 1567
862 1568
100 1569
1253 1570
234 1571
1027 1572
281 1573
972 1574
775 1575
835 1576
1325 1577
717 1578
240 1579
1428 1580
919 1581
1406 1582
620 1583
396 1584
848 1585
1385 1586
18 1587
1123 1588
243 1589
447 1590
633 1591
436 1592
1548 1593
896 1594
1528 1595
1581 1596
1508 1597
1460 1598
312 1599
415 1600
348 1601
1478 1602
1585 1603
978 1604
384 1605
459 1606
246 1607
864 1608
1043 1609
1075 1610
187 1611
906 1612
99 1613
1198 1614
1257 1615
178 1616
1001 1617
769 1618
1235 1619
144 1620
769 1621
330 1622
430 1623
873 1624
456 1625
1603 1626
510 1627
1232 1628
477 1629
1334 1630
107 1631
157 1632
1535 1633
387 1634
245 1635
612 1636
20 1637
1593 1638
1352 1639
533 1640
784 1641
432 1642
889 1643
1321 1644
301 1645
1519 1646
1137 1647
472 1648
1241 1649
452 1650
1501 1651
1423 1652
1 1653
1343 1654
441 1655
47 1656
1568 1657
256 1658
1338 1659
947 1660
125 1661
879 1662
1039 1663
913 1664
314 1665
391 1666
1655 1667
875 1668
1227 1669
483 1670
755 1671
452 1672
1349 1673
264 1674
1235 1675
595 1676
374 1677
385 1678
725 1679
994 1680
187 1681
858 1682
89 1683
766 1684
1344 1685
855 1686
1200 1687
1216 1688
1008 1689
1403 1690
1661 1691
1570 1692
859 1693
1009 1694
1404 1695
1510 1696
152 1697
719 1698
282 1699
1389 1700
1459 1701
1313 1702
795 1703
1400 1704
326 1705
6 1706
264 1707
181 1708
1612 1709
314 1710
1484 1711
450 1712
441 1713
241 1714
140 1715
744 1716
877 1717
1142 1718
1440 1719
929 1720
1556 1721
621 1722
1332 1723
953 1724
139 1725
1459 1726
1102 1727
914 1728
704 1729
99 1730
1329 1731
1413 1732
1292 1733
440 1734
481 1735
481 1736
584 1737
649 1738
1071 1739
440 1740
325 1741
147 1742
1538 1743
103 1744
606 1745
1184 1746
1249 1747
1264 1748
849 1749
1688 1750
43 1751
1266 1752
257 1753
1143 1754
1585 1755
1117 1756
1645 1757
1358 1758
1425 1759
1732 1760
1650 1761
1182 1762
1244 1763
1120 1764
1028 1765
231 1766
1328 1767
237 1768
340 1769
1765 1770
1575 1771
216 1772
465 1773
662 1774
285 1775
1272 1776
890 1777
1348 1778
1028 1779
741 1780
1328 1781
1549 1782
174 1783
59 1784
590 1785
105 1786
214 1787
119 1788
758 1789
989 1790
1540 1791
177 1792
291 1793
1491 1794
125 1795
132 1796
1478 1797
290 1798
975 1799
817 1800
356 1801
1609 1802
825 1803
16 1804
1196 1805
980 1806
1518 1807
138 1808
1086 1809
518 1810
1690 1811
1149 1812
1204 1813
119 1814
1736 1815
1341 1816
386 1817
1806 1818
1632 1819
100 1820
1769 1821
1411 1822
1777 1823
770 1824
834 1825
1672 1826
615 1827
914 1828
396 1829
1715 1830
368 1831
310 1832
1718 1833
810 1834
333 1835
497 1836
1308 1837
1067 1838
461 1839
1437 1840
630 1841
1125 1842
1251 1843
165 1844
1103 1845
1484 1846
494 1847
218 1848
1669 1849
771 1850
1 1851
498 1852
987 1853
225 1854
567 1855
1164 1856
1449 1857
1230 1858
1619 1859
1364 1860
1487 1861
697 1862
978 1863
1497 1864
1795 1865
1790 1866
1391 1867
773 1868
1831 1869
550 1870
345 1871
571 1872
1483 1873
1185 1874
1246 1875
548 1876
67 1877
1474 1878
1678 1879
1129 1880
973 1881
1434 1882
177 1883
1578 1884
1577 1885
89 1886
318 1887
1634 1888
159 1889
468 1890
1690 1891
1425 1892
32 1893
1371 1894
1094 1895
725 1896
186 1897
328 1898
82 1899
1484 1900
595 1901
941 1902
40 1903
1805 1904
1873 1905
69 1906
1783 1907
1660 1908
667 1909
109 1910
635 1911
1180 1912
525 1913
720 1914
100 1915
728 1916
934 1917
1170 1918
1731 1919
1337 1920
663 1921
79 1922
532 1923
1121 1924
1222 1925
462 1926
173 1927
182 1928
596 1929
1427 1930
1749 1931
882 1932
677 1933
1517 1934
1716 1935
555 1936
1388 1937
883 1938
900 1939
1169 1940
1813 1941
884 1942
907 1943
140 1944
546 1945
798 1946
417 1947
1344 1948
1890 1949
1876 1950
545 1951
1018 1952
139 1953
375 1954
1051 1955
1460 1956
1465 1957
453 1958
1318 1959
1289 1960
1706 1961
17 1962
667 1963
1319 1964
1161 1965
674 1966
1511 1967
1957 1968
843 1969
1202 1970
1739 1971
1579 1972
1530 1973
1332 1974
128 1975
1288 1976
1140 1977
1120 1978
15 1979
1367 1980
33 1981
1624 1982
1538 1983
495 1984
1527 1985
1748 1986
1768 1987
455 1988
435 1989
753 1990
1355 1991
1478 1992
304 1993
1606 1994
796 1995
108 1996
1145 1997
1038 1998
1817 1999
1479 2000
1712 2001
470 2002
961 2003
527 2004
96 2005
1073 2006
592 2007
1120 2008
51 2009
1434 2010
939 2011
26 2012
1783 2013
1809 2014
119 2015
1702 2016
742 2017
184 2018
951 2019
1524 2020
1613 2021
1063 2022
332 2023
875 2024
285 2025
81 2026
1730 2027
96 2028
934 2029
2005 2030
1310 2031
253 2032
1635 2033
1706 2034
878 2035
496 2036
1546 2037
1368 2038
876 2039
748 2040
330 2041
933 2042
1668 2043
528 2044
1444 2045
1807 2046
1562 2047
831 2048
1003 2049
1291 2050
1419 2051
1228 2052
357 2053
308 2054
805 2055
833 2056
958 2057
1316 2058
361 2059
835 2060
519 2061
1548 2062
1522 2063
880 2064
272 2065
702 2066
74 2067
1845 2068
943 2069
1854 2070
1270 2071
657 2072
611 2073
624 2074
708 2075
709 2076
289 2077
857 2078
1888 2079
416 2080
622 2081
1221 2082
1195 2083
236 2084
762 2085
1596 2086
29 2087
1189 2088
1617 2089
362 2090
1744 2091
1689 2092
1083 2093
1087 2094
1397 2095
1494 2096
1065 2097
342 2098
746 2099
250 2100
329 2101
716 2102
466 2103
1754 2104
1129 2105
1606 2106
1925 2107
2005 2108
1330 2109
518 2110
341 2111
34 2112
204 2113
1788 2114
843 2115
669 2116
721 2117
84 2118
106 2119
1558 2120
1664 2121
1881 2122
1231 2123
863 2124
1753 2125
732 2126
1266 2127
1585 2128
1364 2129
1782 2130
1398 2131
1520 2132
2062 2133
845 2134
600 2135
240 2136
1209 2137
610 2138
83 2139
1373 2140
713 2141
431 2142
1029 2143
1109 2144
197 2145
111 2146
1498 2147
3 2148
898 2149
31 2150
1648 2151
808 2152
1264 2153
378 2154
2086 2155
590 2156
1169 2157
2154 2158
1923 2159
1285 2160
650 2161
1835 2162
1374 2163
909 2164
565 2165
1967 2166
31 2167
1608 2168
1819 2169
841 2170
1964 2171
1914 2172
1199 2173
762 2174
569 2175
1563 2176
1295 2177
1658 2178
895 2179
1657 2180
52 2181
283 2182
414 2183
1606 2184
137 2185
651 2186
1815 2187
297 2188
1605 2189
1902 2190
2108 2191
1918 2192
677 2193
1364 2194
1399 2195
527 2196
1886 2197
604 2198
464 2199
1356 2200
1887 2201
1505 2202
1680 2203
1910 2204
11 2205
1235 2206
1878 2207
423 2208
1110 2209
2133 2210
557 2211
1358 2212
508 2213
580 2214
1714 2215
28 2216
2013 2217
1037 2218
779 2219
1927 2220
77 2221
1580 2222
2054 2223
2111 2224
176 2225
504 2226
272 2227
576 2228
2210 2229
1854 2230
914 2231
849 2232
1603 2233
373 2234
814 2235
1688 2236
673 2237
289 2238
2108 2239
1004 2240
2199 2241
1170 2242
1338 2243
753 2244
46 2245
212 2246
2231 2247
870 2248
1458 2249
1632 2250
1099 2251
354 2252
1710 2253
2089 2254
2077 2255
1697 2256
1900 2257
1764 2258
947 2259
2038 2260
1037 2261
1797 2262
1582 2263
1383 2264
332 2265
27 2266
1308 2267
416 2268
104 2269
1499 2270
412 2271
1196 2272
255 2273
117 2274
1851 2275
123 2276
1721 2277
1214 2278
1197 2279
1050 2280
691 2281
556 2282
468 2283
1118 2284
1951 2285
1376 2286
1631 2287
1480 2288
191 2289
130 2290
192 2291
1965 2292
782 2293
418 2294
1368 2295
1753 2296
132 2297
345 2298
1723 2299
1270 2300
2234 2301
2055 2302
158 2303
291 2304
1716 2305
744 2306
1728 2307
817 2308
2261 2309
1650 2310
1738 2311
1439 2312
474 2313
2253 2314
666 2315
1900 2316
2151 2317
892 2318
227 2319
1294 2320
995 2321
689 2322
1887 2323
1964 2324
240 2325
1433 2326
2030 2327
824 2328
755 2329
453 2330
472 2331
926 2332
1284 2333
1239 2334
2056 2335
91 2336
352 2337
444 2338
2022 2339
1894 2340
2028 2341
1097 2342
1769 2343
193 2344
1836 2345
1880 2346
281 2347
1624 2348
315 2349
455 2350
707 2351
456 2352
1521 2353
290 2354
513 2355
1511 2356
1461 2357
1451 2358
285 2359
1762 2360
2116 2361
2101 2362
440 2363
79 2364
669 2365
2332 2366
1103 2367
1008 2368
1706 2369
910 2370
1941 2371
698 2372
1790 2373
611 2374
1386 2375
229 2376
1732 2377
903 2378
1538 2379
2278 2380
466 2381
1717 2382
1819 2383
612 2384
571 2385
2132 2386
728 2387
424 2388
1335 2389
1139 2390
1380 2391
1298 2392
672 2393
862 2394
70 2395
13 2396
866 2397
2226 2398
1555 2399
12 2400
2025 2401
1283 2402
878 2403
1897 2404
1908 2405
1532 2406
898 2407
1996 2408
1153 2409
37 2410
533 2411
2325 2412
2388 2413
681 2414
2127 2415
594 2416
395 2417
879 2418
542 2419
1686 2420
910 2421
1990 2422
1732 2423
172 2424
2262 2425
544 2426
840 2427
1308 2428
2368 2429
1781 2430
1076 2431
829 2432
1389 2433
889 2434
1185 2435
517 2436
1923 2437
733 2438
501 2439
1607 2440
729 2441
2244 2442
192 2443
353 2444
1174 2445
2329 2446
1364 2447
2357 2448
925 2449
1555 2450
435 2451
2410 2452
698 2453
1907 2454
2226 2455
1187 2456
513 2457
2055 2458
761 2459
853 2460
2318 2461
2396 2462
931 2463
2337 2464
1663 2465
650 2466
1967 2467
793 2468
259 2469
489 2470
917 2471
1888 2472
443 2473
1996 2474
1171 2475
130 2476
212 2477
2102 2478
451 2479
914 2480
689 2481
1740 2482
2107 2483
1242 2484
1542 2485
2317 2486
700 2487
436 2488
872 2489
1275 2490
2480 2491
1227 2492
2410 2493
764 2494
516 2495
1139 2496
289 2497
463 2498
1667 2499
1412 2500
1030 2501
458 2502
1027 2503
2395 2504
2103 2505
2374 2506
788 2507
1629 2508
816 2509
1394 2510
28 2511
516 2512
867 2513
2186 2514
15 2515
1433 2516
604 2517
336 2518
1880 2519
492 2520
905 2521
307 2522
1003 2523
323 2524
2409 2525
355 2526
1978 2527
901 2528
1306 2529
2344 2530
2368 2531
386 2532
1621 2533
339 2534
2305 2535
1697 2536
1651 2537
919 2538
528 2539
1084 2540
396 2541
274 2542
1371 2543
1820 2544
737 2545
1210 2546
281 2547
1736 2548
1769 2549
1706 2550
252 2551
1454 2552
748 2553
2034 2554
1883 2555
894 2556
500 2557
1650 2558
1885 2559
1875 2560
2196 2561
1415 2562
2113 2563
1338 2564
804 2565
97 2566
2268 2567
90 2568
1387 2569
2207 2570
1978 2571
2525 2572
1692 2573
1446 2574
1114 2575
52 2576
373 2577
1696 2578
451 2579
76 2580
1596 2581
1545 2582
1510 2583
1886 2584
9 2585
576 2586
746 2587
1833 2588
1259 2589
1094 2590
1157 2591
1242 2592
981 2593
1909 2594
1575 2595
644 2596
2125 2597
1980 2598
671 2599
2431 2600
1537 2601
445 2602
2237 2603
2249 2604
1757 2605
1066 2606
1623 2607
27 2608
1386 2609
2535 2610
2076 2611
2250 2612
1319 2613
2328 2614
1040 2615
390 2616
1566 2617
2021 2618
2598 2619
1388 2620
2460 2621
1701 2622
709 2623
775 2624
1439 2625
1981 2626
2273 2627
1360 2628
926 2629
161 2630
503 2631
2015 2632
2603 2633
460 2634
299 2635
2473 2636
779 2637
1954 2638
960 2639
2060 2640
1169 2641
1760 2642
125 2643
1767 2644
182 2645
1128 2646
316 2647
1614 2648
2571 2649
153 2650
1346 2651
114 2652
1858 2653
1863 2654
13 2655
2269 2656
1657 2657
2506 2658
1951 2659
1719 2660
507 2661
1836 2662
961 2663
1275 2664
2619 2665
131 2666
1161 2667
186 2668
671 2669
875 2670
2454 2671
1609 2672
860 2673
1166 2674
1478 2675
873 2676
2374 2677
2227 2678
777 2679
2350 2680
1425 2681
842 2682
1203 2683
1225 2684
249 2685
1855 2686
1865 2687
2249 2688
1537 2689
1689 2690
2274 2691
10 2692
1141 2693
2265 2694
1960 2695
1410 2696
1433 2697
1952 2698
1417 2699
164 2700
1132 2701
2661 2702
875 2703
24 2704
1324 2705
2081 2706
2069 2707
1517 2708
2540 2709
818 2710
1003 2711
1978 2712
945 2713
2332 2714
1893 2715
2142 2716
1918 2717
2590 2718
635 2719
2626 2720
2474 2721
682 2722
1170 2723
2113 2724
229 2725
2336 2726
2288 2727
2651 2728
1003 2729
553 2730
2561 2731
651 2732
352 2733
297 2734
1425 2735
1466 2736
727 2737
2692 2738
357 2739
1241 2740
967 2741
2708 2742
1431 2743
1091 2744
552 2745
180 2746
559 2747
2499 2748
1140 2749
2136 2750
1147 2751
1512 2752
1684 2753
816 2754
2425 2755
2742 2756
2382 2757
337 2758
567 2759
678 2760
1233 2761
1109 2762
1367 2763
945 2764
443 2765
1155 2766
79 2767
517 2768
2606 2769
1425 2770
906 2771
663 2772
1878 2773
1906 2774
759 2775
1657 2776
1826 2777
1270 2778
1964 2779
597 2780
1521 2781
278 2782
1244 2783
1556 2784
2461 2785
1784 2786
1047 2787
115 2788
2647 2789
2474 2790
2600 2791
217 2792
288 2793
2641 2794
622 2795
1908 2796
2100 2797
782 2798
2669 2799
2296 2800
338 2801
306 2802
465 2803
1570 2804
2775 2805
449 2806
1689 2807
1584 2808
1946 2809
899 2810
1399 2811
1703 2812
1009 2813
1518 2814
1094 2815
270 2816
1204 2817
182 2818
2358 2819
199 2820
195 2821
2689 2822
1722 2823
2774 2824
969 2825
1724 2826
2391 2827
1365 2828
757 2829
1079 2830
2406 2831
2649 2832
1494 2833
47 2834
2568 2835
587 2836
2300 2837
1526 2838
1235 2839
1399 2840
2089 2841
1430 2842
1885 2843
485 2844
2453 2845
1262 2846
1917 2847
660 2848
318 2849
1779 2850
397 2851
490 2852
695 2853
694 2854
2455 2855
1670 2856
2499 2857
2071 2858
1083 2859
503 2860
783 2861
1736 2862
1624 2863
2811 2864
1749 2865
953 2866
1065 2867
1699 2868
2561 2869
1864 2870
2626 2871
324 2872
1908 2873
1584 2874
1456 2875
48 2876
1058 2877
1544 2878
2724 2879
2545 2880
712 2881
1171 2882
1104 2883
2777 2884
964 2885
1148 2886
2100 2887
1256 2888
549 2889
2530 2890
1619 2891
476 2892
2726 2893
618 2894
1856 2895
2014 2896
1268 2897
2335 2898
793 2899
1844 2900
2057 2901
410 2902
264 2903
1182 2904
1121 2905
587 2906
2211 2907
2581 2908
2298 2909
513 2910
1796 2911
1466 2912
1075 2913
2408 2914
864 2915
1403 2916
1435 2917
53 2918
203 2919
783 2920
1071 2921
708 2922
2368 2923
826 2924
2262 2925
1806 2926
2176 2927
2546 2928
189 2929
2519 2930
489 2931
2534 2932
2506 2933
1954 2934
2677 2935
97 2936
1171 2937
31 2938
799 2939
1212 2940
32 2941
285 2942
899 2943
600 2944
2408 2945
2448 2946
806 2947
967 2948
2595 2949
1234 2950
287 2951
990 2952
2886 2953
2311 2954
1482 2955
2824 2956
2725 2957
1896 2958
179 2959
60 2960
2548 2961
2078 2962
2379 2963
1473 2964
2724 2965
2125 2966
1376 2967
176 2968
1472 2969
350 2970
2902 2971
1762 2972
2633 2973
2931 2974
49 2975
203 2976
1889 2977
2635 2978
2252 2979
1732 2980
1541 2981
441 2982
2550 2983
743 2984
1882 2985
1043 2986
2765 2987
1715 2988
2631 2989
2040 2990
345 2991
497 2992
845 2993
1001 2994
2213 2995
1780 2996
2809 2997
2215 2998
1517 2999
62 3000
2302 3001
2884 3002
2114 3003
1817 3004
2966 3005
941 3006
614 3007
2317 3008
883 3009
2500 3010
2865 3011
2505 3012
1250 3013
2678 3014
2667 3015
1326 3016
1759 3017
373 3018
1523 3019
980 3020
1338 3021
1268 3022
2208 3023
2411 3024
821 3025
2229 3026
1000 3027
2309 3028
1556 3029
1002 3030
771 3031
881 3032
1951 3033
613 3034
2347 3035
1353 3036
2522 3037
59 3038
162 3039
1688 3040
213 3041
1877 3042
708 3043
2478 3044
2776 3045
2650 3046
158 3047
1115 3048
1550 3049
789 3050
906 3051
1079 3052
193 3053
1623 3054
1209 3055
2364 3056
2785 3057
2090 3058
2374 3059
2119 3060
669 3061
1128 3062
2078 3063
2615 3064
1251 3065
2147 3066
2023 3067
1194 3068
2840 3069
1431 3070
1281 3071
1085 3072
241 3073
1703 3074
1717 3075
1013 3076
1218 3077
592 3078
2395 3079
150 3080
214 3081
2789 3082
2411 3083
1005 3084
239 3085
683 3086
1134 3087
1275 3088
772 3089
99 3090
2968 3091
2666 3092
1983 3093
2557 3094
1212 3095
2233 3096
772 3097
1873 3098
1958 3099
2226 3100
1942 3101
594 3102
1767 3103
2930 3104
2140 3105
1032 3106
1314 3107
686 3108
1069 3109
1775 3110
2676 3111
1634 3112
1854 3113
2899 3114
2570 3115
196 3116
1808 3117
1729 3118
63 3119
2754 3120
2645 3121
897 3122
1654 3123
249 3124
1620 3125
3060 3126
2625 3127
338 3128
2068 3129
429 3130
616 3131
115 3132
387 3133
1589 3134
2265 3135
183 3136
648 3137
2196 3138
2410 3139
1847 3140
433 3141
1859 3142
2052 3143
2777 3144
1766 3145
368 3146
1288 3147
682 3148
2824 3149
1568 3150
2260 3151
267 3152
1841 3153
2317 3154
694 3155
1888 3156
1306 3157
1273 3158
261 3159
2246 3160
1722 3161
1852 3162
2864 3163
1274 3164
2525 3165
78 3166
1433 3167
2181 3168
2031 3169
2838 3170
166 3171
957 3172
1421 3173
2855 3174
1127 3175
1181 3176
134 3177
2154 3178
1997 3179
2071 3180
530 3181
2307 3182
2613 3183
2371 3184
1947 3185
1919 3186
450 3187
439 3188
3121 3189
1290 3190
997 3191
2556 3192
496 3193
2393 3194
1149 3195
698 3196
274 3197
2999 3198
2396 3199
1232 3200
1906 3201
1801 3202
272 3203
903 3204
1560 3205
3147 3206
3078 3207
3198 3208
525 3209
2831 3210
1910 3211
1911 3212
1224 3213
2363 3214
2831 3215
406 3216
2384 3217
2303 3218
1084 3219
1611 3220
2841 3221
2031 3222
261 3223
2786 3224
693 3225
572 3226
1950 3227
162 3228
3206 3229
1498 3230
155 3231
606 3232
1538 3233
847 3234
2547 3235
2073 3236
2674 3237
1491 3238
773 3239
1752 3240
2912 3241
3136 3242
2145 3243
104 3244
466 3245
1049 3246
225 3247
643 3248
2837 3249
2670 3250
2134 3251
2021 3252
1805 3253
2463 3254
2907 3255
2766 3256
978 3257
2380 3258
3062 3259
2814 3260
304 3261
2315 3262
745 3263
285 3264
880 3265
194 3266
1935 3267
446 3268
1735 3269
2940 3270
2855 3271
181 3272
502 3273
2454 3274
84 3275
944 3276
3094 3277
2811 3278
1149 3279
3100 3280
1019 3281
640 3282
582 3283
14 3284
345 3285
1332 3286
1896 3287
633 3288
3027 3289
1014 3290
1526 3291
338 3292
691 3293
1176 3294
2127 3295
3083 3296
1646 3297
1088 3298
1646 3299
342 3300
1995 3301
3236 3302
2165 3303
1137 3304
2975 3305
2220 3306
3124 3307
1586 3308
3107 3309
1564 3310
1582 3311
1251 3312
2692 3313
1898 3314
1895 3315
483 3316
1222 3317
1746 3318
2728 3319
2761 3320
280 3321
957 3322
693 3323
1056 3324
1999 3325
107 3326
882 3327
982 3328
249 3329
2994 3330
1205 3331
3230 3332
184 3333
1428 3334
1746 3335
1825 3336
2301 3337
2442 3338
257 3339
1180 3340
2661 3341
2266 3342
2699 3343
1171 3344
1841 3345
247 3346
1013 3347
1863 3348
1595 3349
1466 3350
2387 3351
787 3352
870 3353
2568 3354
2079 3355
2686 3356
2147 3357
596 3358
2002 3359
1143 3360
2270 3361
2375 3362
706 3363
25 3364
1385 3365
686 3366
267 3367
3198 3368
2666 3369
2893 3370
1881 3371
1637 3372
1101 3373
1592 3374
2304 3375
1036 3376
2047 3377
2715 3378
2925 3379
1256 3380
3032 3381
3071 3382
1188 3383
3241 3384
2061 3385
2862 3386
1030 3387
1728 3388
404 3389
1726 3390
1086 3391
1098 3392
2248 3393
2562 3394
1414 3395
2983 3396
279 3397
2967 3398
438 3399
2418 3400
108 3401
1803 3402
1692 3403
834 3404
1844 3405
2946 3406
2090 3407
1789 3408
1592 3409
3215 3410
181 3411
3151 3412
172 3413
807 3414
1327 3415
1952 3416
2152 3417
3208 3418
2359 3419
1760 3420
673 3421
1467 3422
598 3423
1788 3424
1808 3425
1398 3426
764 3427
2535 3428
2104 3429
489 3430
1911 3431
2297 3432
3381 3433
2359 3434
2933 3435
2413 3436
657 3437
490 3438
1230 3439
192 3440
1187 3441
1380 3442
1525 3443
1444 3444
1240 3445
2879 3446
3250 3447
2176 3448
2583 3449
1601 3450
373 3451
1823 3452
1722 3453
3283 3454
344 3455
2196 3456
256 3457
442 3458
1521 3459
766 3460
1222 3461
361 3462
2571 3463
2586 3464
3091 3465
223 3466
1468 3467
268 3468
3009 3469
984 3470
1970 3471
616 3472
1471 3473
1800 3474
395 3475
1430 3476
1265 3477
3466 3478
2528 3479
2601 3480
847 3481
1562 3482
1186 3483
913 3484
3051 3485
2201 3486
1647 3487
2223 3488
1395 3489
736 3490
2185 3491
3037 3492
1664 3493
708 3494
2583 3495
1727 3496
949 3497
828 3498
1582 3499
3292 3500
2781 3501
1449 3502
336 3503
3153 3504
1766 3505
1497 3506
2252 3507
3386 3508
3001 3509
243 3510
1719 3511
1482 3512
1898 3513
1879 3514
2472 3515
1769 3516
1241 3517
2788 3518
541 3519
1262 3520
183 3521
460 3522
2852 3523
1782 3524
399 3525
2863 3526
287 3527
1496 3528
472 3529
769 3530
1259 3531
880 3532
150 3533
3401 3534
2476 3535
2033 3536
2519 3537
892 3538
3407 3539
1940 3540
1357 3541
2795 3542
2533 3543
2115 3544
1570 3545
2557 3546
402 3547
833 3548
2157 3549
3098 3550
3458 3551
684 3552
841 3553
3462 3554
387 3555
440 3556
162 3557
1982 3558
1584 3559
1666 3560
1448 3561
2884 3562
3342 3563
2862 3564
1520 3565
13 3566
2648 3567
1159 3568
2731 3569
536 3570
1861 3571
2508 3572
1734 3573
2376 3574
588 3575
884 3576
1995 3577
978 3578
685 3579
2103 3580
1483 3581
3382 3582
973 3583
3102 3584
1115 3585
1219 3586
3037 3587
3571 3588
1303 3589
878 3590
406 3591
967 3592
845 3593
2119 3594
1628 3595
215 3596
198 3597
2900 3598
2782 3599
774 3600
824 3601
3431 3602
3427 3603
705 3604
1848 3605
15 3606
1036 3607
319 3608
1327 3609
876 3610
1474 3611
1669 3612
1798 3613
3313 3614
2068 3615
985 3616
863 3617
686 3618
960 3619
688 3620
194 3621
3479 3622
1307 3623
3410 3624
2947 3625
1939 3626
672 3627
1485 3628
413 3629
793 3630
3618 3631
2815 3632
3090 3633
662 3634
1634 3635
1671 3636
1510 3637
1313 3638
1937 3639
1838 3640
353 3641
1265 3642
1736 3643
3243 3644
192 3645
583 3646
1758 3647
2483 3648
1774 3649
712 3650
2950 3651
440 3652
2295 3653
2228 3654
1138 3655
1760 3656
1468 3657
31 3658
785 3659
1938 3660
339 3661
1875 3662
756 3663
231 3664
983 3665
66 3666
1575 3667
2236 3668
747 3669
2218 3670
969 3671
568 3672
2700 3673
184 3674
852 3675
2510 3676
2996 3677
2164 3678
2382 3679
2570 3680
1471 3681
3148 3682
2640 3683
1992 3684
2767 3685
57 3686
2023 3687
399 3688
3357 3689
1876 3690
3651 3691
979 3692
2203 3693
423 3694
2892 3695
1560 3696
3329 3697
3358 3698
3382 3699
842 3700
1013 3701
3220 3702
64 3703
110 3704
3157 3705
161 3706
3232 3707
3617 3708
963 3709
2133 3710
2448 3711
892 3712
963 3713
618 3714
559 3715
1412 3716
717 3717
3115 3718
1653 3719
229 3720
3608 3721
1705 3722
1767 3723
1012 3724
830 3725
2764 3726
1680 3727
2537 3728
631 3729
407 3730
2515 3731
1650 3732
1829 3733
2650 3734
1826 3735
347 3736
3067 3737
2510 3738
1144 3739
2421 3740
2144 3741
3090 3742
2050 3743
390 3744
251 3745
2720 3746
227 3747
3155 3748
3632 3749
1053 3750
3096 3751
3638 3752
3 3753
2494 3754
2028 3755
1891 3756
765 3757
2042 3758
2855 3759
3464 3760
1220 3761
2062 3762
3215 3763
2745 3764
2372 3765
2925 3766
3557 3767
1159 3768
1984 3769
1151 3770
204 3771
1798 3772
2319 3773
1287 3774
550 3775
3039 3776
511 3777
1088 3778
3106 3779
2283 3780
2119 3781
565 3782
245 3783
3315 3784
1240 3785
2296 3786
486 3787
3031 3788
2071 3789
2007 3790
1013 3791
432 3792
1638 3793
2923 3794
2319 3795
1085 3796
3494 3797
2133 3798
748 3799
2921 3800
88 3801
269 3802
3139 3803
1162 3804
2825 3805
1680 3806
2938 3807
1729 3808
450 3809
1520 3810
3409 3811
2380 3812
476 3813
451 3814
3030 3815
69 3816
3622 3817
2749 3818
812 3819
70 3820
477 3821
2317 3822
1728 3823
1793 3824
3776 3825
864 3826
1094 3827
231 3828
969 3829
827 3830
2677 3831
3342 3832
2784 3833
1222 3834
1458 3835
3682 3836
2641 3837
1541 3838
3134 3839
1592 3840
1069 3841
2914 3842
834 3843
1339 3844
101 3845
2251 3846
551 3847
1921 3848
3626 3849
931 3850
1110 3851
2293 3852
3500 3853
645 3854
3125 3855
2599 3856
2979 3857
1571 3858
2141 3859
3249 3860
706 3861
1246 3862
3696 3863
3693 3864
3705 3865
83 3866
147 3867
1660 3868
2971 3869
270 3870
2547 3871
448 3872
3530 3873
479 3874
1626 3875
2903 3876
1370 3877
2443 3878
3531 3879
511 3880
2474 3881
2703 3882
3786 3883
27 3884
1034 3885
3317 3886
311 3887
3294 3888
3866 3889
2544 3890
348 3891
2672 3892
39 3893
887 3894
1420 3895
3124 3896
1290 3897
1923 3898
912 3899
137 3900
1092 3901
3036 3902
3098 3903
890 3904
3664 3905
2381 3906
3370 3907
1613 3908
633 3909
2906 3910
2484 3911
1354 3912
3580 3913
784 3914
3757 3915
1416 3916
954 3917
3624 3918
3429 3919
2202 3920
623 3921
3534 3922
1897 3923
786 3924
780 3925
2051 3926
2957 3927
786 3928
2270 3929
1098 3930
1391 3931
1812 3932
3773 3933
2862 3934
341 3935
3020 3936
3375 3937
2173 3938
2963 3939
1470 3940
1038 3941
891 3942
26 3943
3595 3944
3339 3945
539 3946
545 3947
428 3948
3127 3949
820 3950
1711 3951
3528 3952
3920 3953
296 3954
1043 3955
2368 3956
2078 3957
3015 3958
2273 3959
113 3960
2467 3961
2981 3962
6 3963
1371 3964
3257 3965
3222 3966
1092 3967
2296 3968
980 3969
1532 3970
796 3971
2346 3972
444 3973
810 3974
2342 3975
3038 3976
1569 3977
688 3978
2536 3979
2654 3980
45 3981
3016 3982
2079 3983
3982 3984
220 3985
494 3986
3439 3987
1853 3988
2833 3989
762 3990
182 3991
540 3992
1464 3993
2701 3994
1021 3995
3479 3996
1558 3997
1356 3998
3567 3999
465 4000
402 4001
2368 4002
3662 4003
826 4004
3642 4005
2984 4006
2365 4007
3022 4008
250 4009
3406 4010
3008 4011
217 4012
3725 4013
2036 4014
3880 4015
3427 4016
789 4017
2027 4018
1924 4019
2222 4020
4008 4021
2543 4022
3055 4023
3371 4024
471 4025
2266 4026
2133 4027
25 4028
1527 4029
2045 4030
153 4031
2771 4032
612 4033
397 4034
3499 4035
3908 4036
2092 4037
493 4038
3500 4039
3153 4040
3652 4041
259 4042
1238 4043
191 4044
3211 4045
1757 4046
363 4047
1272 4048
2213 4049
2417 4050
126 4051
1051 4052
2311 4053
3600 4054
4011 4055
2165 4056
3368 4057
545 4058
3259 4059
1217 4060
1434 4061
338 4062
2084 4063
2024 4064
1577 4065
489 4066
480 4067
2152 4068
1939 4069
3983 4070
799 4071
2066 4072
1082 4073
1215 4074
2262 4075
1358 4076
3389 4077
3151 4078
1056 4079
2227 4080
2408 4081
3789 4082
2333 4083
2911 4084
60 4085
1730 4086
3044 4087
3680 4088
2697 4089
1509 4090
3101 4091
3161 4092
2975 4093
2598 4094
1978 4095
1180 4096
1860 4097
3755 4098
226 4099
1360 4100
222 4101
3538 4102
2539 4103
606 4104
723 4105
2398 4106
3572 4107
3936 4108
3346 4109
3606 4110
133 4111
189 4112
1611 4113
3503 4114
426 4115
2592 4116
3717 4117
2693 4118
1649 4119
2072 4120
1054 4121
750 4122
1403 4123
1394 4124
1279 4125
2608 4126
2426 4127
967 4128
814 4129
1843 4130
615 4131
4062 4132
1300 4133
586 4134
1780 4135
3323 4136
889 4137
2103 4138
3872 4139
3153 4140
1336 4141
1265 4142
1217 4143
1116 4144
100 4145
2748 4146
1156 4147
3240 4148
3253 4149
1554 4150
3555 4151
4108 4152
2210 4153
2421 4154
3476 4155
2934 4156
2721 4157
3235 4158
3030 4159
494 4160
2709 4161
1374 4162
2909 4163
1319 4164
507 4165
512 4166
3093 4167
1929 4168
463 4169
2497 4170
3179 4171
1066 4172
2623 4173
3083 4174
3531 4175
613 4176
2693 4177
1607 4178
3965 4179
823 4180
2409 4181
2742 4182
12 4183
4138 4184
416 4185
1030 4186
3220 4187
2856 4188
1438 4189
31 4190
1534 4191
2376 4192
2387 4193
1540 4194
331 4195
364 4196
3671 4197
1790 4198
3857 4199
4157 4200
1092 4201
1542 4202
3942 4203
4183 4204
2861 4205
3450 4206
2172 4207
2732 4208
1862 4209
2160 4210
2478 4211
1812 4212
1169 4213
1094 4214
114 4215
2776 4216
2077 4217
10 4218
1760 4219
3253 4220
963 4221
344 4222
2285 4223
535 4224
2702 4225
2542 4226
1320 4227
2808 4228
1950 4229
3977 4230
1250 4231
2789 4232
3687 4233
2456 4234
3342 4235
1611 4236
114 4237
1019 4238
3119 4239
3727 4240
2934 4241
2902 4242
2411 4243
4148 4244
4018 4245
922 4246
3854 4247
1389 4248
3448 4249
2481 4250
1000 4251
3275 4252
1483 4253
4123 4254
1314 4255
2115 4256
1431 4257
3305 4258
2575 4259
2435 4260
2662 4261
2067 4262
781 4263
3717 4264
2083 4265
1315 4266
2712 4267
1788 4268
1617 4269
1914 4270
3295 4271
880 4272
3701 4273
2224 4274
4171 4275
3185 4276
3898 4277
2478 4278
987 4279
161 4280
3607 4281
1261 4282
2829 4283
2439 4284
130 4285
4259 4286
188 4287
234 4288
1140 4289
2875 4290
4016 4291
1488 4292
2410 4293
3401 4294
4100 4295
1996 4296
1037 4297
884 4298
2824 4299
4129 4300
3818 4301
1219 4302
4229 4303
748 4304
1726 4305
3549 4306
2735 4307
2807 4308
3406 4309
3062 4310
623 4311
516 4312
1876 4313
724 4314
147 4315
4067 4316
3565 4317
250 4318
1906 4319
2664 4320
1850 4321
2661 4322
344 4323
2618 4324
569 4325
4301 4326
730 4327
3874 4328
2059 4329
2729 4330
3454 4331
2277 4332
2732 4333
919 4334
2656 4335
3063 4336
1048 4337
2823 4338
1015 4339
4110 4340
570 4341
3126 4342
1469 4343
2921 4344
3375 4345
902 4346
1523 4347
1181 4348
3277 4349
926 4350
978 4351
2162 4352
2050 4353
1673 4354
1375 4355
2055 4356
2451 4357
3140 4358
4208 4359
3437 4360
2815 4361
1652 4362
656 4363
457 4364
2283 4365
1746 4366
2689 4367
85 4368
884 4369
1549 4370
2622 4371
726 4372
839 4373
3589 4374
1475 4375
1953 4376
1353 4377
1462 4378
3825 4379
2950 4380
3159 4381
874 4382
1201 4383
1071 4384
3568 4385
601 4386
2112 4387
2821 4388
2182 4389
2662 4390
1940 4391
3450 4392
1818 4393
3261 4394
4207 4395
1213 4396
1299 4397
3267 4398
556 4399
3840 4400
1661 4401
3253 4402
3915 4403
4214 4404
803 4405
2559 4406
3440 4407
1038 4408
2904 4409
1565 4410
460 4411
1175 4412
3452 4413
1188 4414
2506 4415
3335 4416
3970 4417
1575 4418
958 4419
1747 4420
2952 4421
3063 4422
1355 4423
3820 4424
3800 4425
1749 4426
2116 4427
2450 4428
3879 4429
1597 4430
4417 4431
1238 4432
1642 4433
1513 4434
999 4435
1123 4436
3672 4437
357 4438
3731 4439
738 4440
962 4441
2542 4442
3198 4443
2613 4444
4241 4445
3584 4446
1414 4447
1419 4448
2439 4449
1719 4450
620 4451
744 4452
2202 4453
364 4454
287 4455
413 4456
3926 4457
1154 4458
3742 4459
1234 4460
4167 4461
968 4462
828 4463
199 4464
4109 4465
261 4466
2486 4467
1464 4468
1507 4469
2458 4470
733 4471
3492 4472
265 4473
2551 4474
3132 4475
2638 4476
70 4477
756 4478
2087 4479
1767 4480
1685 4481
1654 4482
530 4483
3814 4484
4341 4485
2629 4486
1277 4487
862 4488
3779 4489
134 4490
1558 4491
3678 4492
1848 4493
1426 4494
4101 4495
2751 4496
1347 4497
802 4498
3621 4499
750 4500
3003 4501
4444 4502
4444 4503
452 4504
4064 4505
4021 4506
615 4507
455 4508
1374 4509
4001 4510
3788 4511
3690 4512
2324 4513
127 4514
4112 4515
256 4516
3704 4517
527 4518
1453 4519
3689 4520
3106 4521
2635 4522
4473 4523
508 4524
2273 4525
1515 4526
3888 4527
2899 4528
1667 4529
1281 4530
2633 4531
2873 4532
2988 4533
1149 4534
3367 4535
741 4536
1684 4537
3178 4538
130 4539
2570 4540
3601 4541
13 4542
3352 4543
3495 4544
307 4545
3166 4546
557 4547
3907 4548
242 4549
847 4550
4538 4551
1513 4552
1704 4553
1885 4554
4520 4555
356 4556
1331 4557
2078 4558
455 4559
322 4560
1149 4561
3463 4562
3836 4563
4293 4564
4347 4565
3911 4566
220 4567
2513 4568
3939 4569
4225 4570
2353 4571
3801 4572
4409 4573
2751 4574
877 4575
33 4576
2171 4577
3062 4578
2722 4579
3203 4580
2163 4581
547 4582
330 4583
4233 4584
29 4585
4234 4586
950 4587
2554 4588
434 4589
780 4590
2417 4591
1476 4592
2129 4593
2630 4594
1035 4595
4532 4596
2135 4597
3739 4598
323 4599
1174 4600
115 4601
3440 4602
3064 4603
3644 4604
1667 4605
3002 4606
1510 4607
3985 4608
2745 4609
690 4610
4562 4611
86 4612
1569 4613
2865 4614
2692 4615
1656 4616
183 4617
3741 4618
910 4619
665 4620
1226 4621
1223 4622
1527 4623
1416 4624
1591 4625
2612 4626
666 4627
1139 4628
3213 4629
2168 4630
1306 4631
1492 4632
1139 4633
2889 4634
1339 4635
1955 4636
2625 4637
929 4638
4378 4639
1476 4640
896 4641
3713 4642
146 4643
993 4644
4446 4645
2874 4646
788 4647
4098 4648
838 4649
1339 4650
3899 4651
1425 4652
4648 4653
2311 4654
4188 4655
1416 4656
974 4657
4585 4658
2358 4659
2259 4660
2498 4661
4286 4662
4143 4663
3339 4664
3667 4665
524 4666
2334 4667
2701 4668
63 4669
2 4670
4352 4671
2747 4672
1096 4673
671 4674
524 4675
2286 4676
4170 4677
794 4678
347 4679
209 4680
348 4681
1515 4682
4474 4683
2385 4684
2060 4685
3176 4686
3956 4687
3068 4688
176 4689
715 4690
483 4691
1727 4692
2903 4693
869 4694
1939 4695
2221 4696
1406 4697
1789 4698
4371 4699
3907 4700
477 4701
604 4702
3985 4703
756 4704
885 4705
2353 4706
2190 4707
158 4708
1953 4709
1347 4710
3819 4711
2490 4712
1321 4713
2917 4714
3134 4715
1105 4716
2710 4717
2409 4718
564 4719
851 4720
1725 4721
895 4722
31 4723
2852 4724
4174 4725
324 4726
4060 4727
1822 4728
2284 4729
1881 4730
1351 4731
1815 4732
3652 4733
4513 4734
1829 4735
1285 4736
1076 4737
1968 4738
1341 4739
1424 4740
2435 4741
157 4742
1457 4743
3085 4744
2489 4745
262 4746
3342 4747
4221 4748
186 4749
2191 4750
2146 4751
1726 4752
4102 4753
4408 4754
27 4755
2605 4756
1915 4757
2905 4758
351 4759
710 4760
1778 4761
4556 4762
1060 4763
2469 4764
2773 4765
2889 4766
2642 4767
3080 4768
1701 4769
1888 4770
3054 4771
3822 4772
4562 4773
633 4774
2470 4775
3111 4776
115 4777
2692 4778
2409 4779
727 4780
3471 4781
1995 4782
1277 4783
891 4784
4503 4785
4540 4786
397 4787
12 4788
3368 4789
2446 4790
2068 4791
3201 4792
432 4793
1014 4794
744 4795
1146 4796
4166 4797
1133 4798
4087 4799
615 4800
1744 4801
1176 4802
1669 4803
3856 4804
3385 4805
2776 4806
831 4807
3764 4808
3747 4809
2065 4810
4752 4811
3012 4812
226 4813
2903 4814
4044 4815
319 4816
589 4817
3327 4818
4217 4819
1505 4820
637 4821
2342 4822
637 4823
2660 4824
2954 4825
3935 4826
3404 4827
4634 4828
3620 4829
954 4830
1654 4831
4830 4832
2529 4833
1572 4834
49 4835
1502 4836
3725 4837
610 4838
494 4839
869 4840
2220 4841
624 4842
433 4843
2486 4844
3277 4845
4547 4846
1568 4847
710 4848
3144 4849
2605 4850
4400 4851
2603 4852
4085 4853
1807 4854
3485 4855
1150 4856
2903 4857
1051 4858
858 4859
54 4860
2130 4861
4350 4862
3635 4863
3538 4864
3020 4865
3417 4866
330 4867
419 4868
3591 4869
2088 4870
2093 4871
1335 4872
1710 4873
1905 4874
596 4875
369 4876
3310 4877
1823 4878
441 4879
2911 4880
4728 4881
3830 4882
1901 4883
1292 4884
4759 4885
1702 4886
1896 4887
1308 4888
667 4889
2700 4890
181 4891
3751 4892
4176 4893
1705 4894
4322 4895
1782 4896
2619 4897
3014 4898
1445 4899
4035 4900
955 4901
3585 4902
2385 4903
253 4904
2555 4905
4787 4906
3505 4907
3478 4908
2934 4909
4526 4910
1337 4911
2413 4912
4751 4913
1948 4914
568 4915
4522 4916
1262 4917
2492 4918
1096 4919
933 4920
3297 4921
4012 4922
3663 4923
3350 4924
3914 4925
1481 4926
3110 4927
4607 4928
2585 4929
4910 4930
4913 4931
1906 4932
1497 4933
4098 4934
2022 4935
4737 4936
3552 4937
860 4938
4733 4939
4322 4940
1999 4941
3243 4942
2409 4943
4315 4944
4121 4945
2529 4946
2990 4947
4637 4948
3234 4949
3394 4950
1467 4951
739 4952
4097 4953
4829 4954
4368 4955
1064 4956
1732 4957
2390 4958
375 4959
3783 4960
3691 4961
1011 4962
4764 4963
644 4964
1573 4965
751 4966
1346 4967
790 4968
1317 4969
3561 4970
4316 4971
1126 4972
2267 4973
4196 4974
769 4975
682 4976
4557 4977
721 4978
129 4979
738 4980
2081 4981
4210 4982
2598 4983
4194 4984
416 4985
1492 4986
691 4987
3958 4988
2737 4989
4166 4990
1664 4991
2212 4992
3135 4993
90 4994
1549 4995
2320 4996
4605 4997
168 4998
2518 4999
968 5000
3411 5001
2566 5002
3584 5003
2473 5004
1171 5005
839 5006
4805 5007
3078 5008
150 5009
4757 5010
4346 5011
840 5012
4430 5013
2641 5014
4593 5015
2071 5016
4837 5017
832 5018
3830 5019
3561 5020
2565 5021
4158 5022
719 5023
1136 5024
1143 5025
316 5026
4793 5027
2050 5028
4810 5029
3166 5030
3679 5031
1673 5032
3859 5033
1617 5034
4142 5035
1259 5036
235 5037
3265 5038
948 5039
1432 5040
1771 5041
4292 5042
1763 5043
1355 5044
618 5045
2742 5046
952 5047
1 2
1 3
3 4
2 5
3 6
2 7
7 8
4 9
9 10
2 11
7 12
3 13
10 14
9 15
4 16
5 17
8 18
10 19
16 20
16 21
16 22
1 23
9 24
13 25
2 26
10 27
21 28
9 29
15 30
21 31
9 32
11 33
27 34
22 35
5 36
27 37
36 38
34 39
7 40
4 41
15 42
37 43
28 44
27 45
20 46
24 47
41 48
23 49
39 50
28 51
37 52
46 53
7 54
8 55
36 56
54 57
8 58
51 59
7 60
39 61
57 62
23 63
60 64
34 65
9 66
34 67
61 68
13 69
59 70
24 71
12 72
9 73
43 74
2 75
65 76
58 77
44 78
47 79
29 80
55 81
71 82
47 83
78 84
1 85
76 86
81 87
55 88
21 89
30 90
52 91
81 92
79 93
56 94
36 95
78 96
56 97
41 98
7 99
58 100
63 101
74 102
89 103
25 104
21 105
32 106
59 107
12 108
46 109
95 110
8 111
105 112
27 113
105 114
34 115
109 116
33 117
113 118
15 119
11 120
67 121
56 122
74 123
109 124
17 125
34 126
118 127
122 128
120 129
14 130
85 131
12 132
49 133
109 134
124 135
105 136
7 137
132 138
137 139
54 140
43 141
4 142
1 143
63 144
32 145
74 146
61 147
124 148
35 149
45 150
40 151
111 152
8 153
3 154
117 155
38 156
126 157
120 158
116 159
152 160
66 161
48 162
25 163
52 164
84 165
16 166
153 167
120 168
163 169
86 170
143 171
9 172
90 173
20 174
70 175
165 176
90 177
5 178
32 179
106 180
82 181
50 182
113 183
166 184
145 185
135 186
47 187
171 188
28 189
71 190
81 191
116 192
171 193
27 194
91 195
152 196
185 197
114 198
101 199
112 200
73 201
65 202
175 203
80 204
116 205
22 206
119 207
168 208
89 209
128 210
56 211
22 212
53 213
26 214
145 215
208 216
106 217
128 218
44 219
42 220
152 221
106 222
160 223
217 224
212 225
192 226
218 227
6 228
29 229
142 230
169 231
200 232
181 233
98 234
184 235
209 236
23 237
225 238
53 239
76 240
39 241
215 242
236 243
103 244
178 245
45 246
165 247
96 248
109 249
117 250
62 251
18 252
165 253
27 254
218 255
75 256
138 257
223 258
127 259
120 260
77 261
119 262
17 263
262 264
166 265
112 266
210 267
79 268
246 269
113 270
69 271
179 272
143 273
271 274
132 275
152 276
64 277
201 278
140 279
241 280
5 281
195 282
155 283
74 284
127 285
113 286
216 287
198 288
243 289
28 290
207 291
126 292
84 293
245 294
228 295
230 296
63 297
92 298
247 299
51 300
1 301
54 302
139 303
158 304
299 305
140 306
21 307
105 308
32 309
116 310
219 311
138 312
121 313
141 314
208 315
192 316
268 317
107 318
286 319
212 320
36 321
113 322
225 323
220 324
283 325
63 326
211 327
61 328
289 329
173 330
260 331
327 332
131 333
269 334
111 335
287 336
136 337
93 338
177 339
62 340
209 341
94 342
25 343
150 344
7 345
292 346
243 347
195 348
5 349
115 350
132 351
234 352
167 353
157 354
20 355
133 356
92 357
145 358
25 359
226 360
89 361
87 362
323 363
314 364
301 365
296 366
111 367
365 368
156 369
237 370
28 371
252 372
134 373
76 374
213 375
101 376
175 377
148 378
272 379
365 380
273 381
160 382
278 383
307 384
130 385
110 386
231 387
215 388
157 389
220 390
305 391
342 392
10 393
63 394
139 395
209 396
123 397
308 398
323 399
394 400
31 401
375 402
233 403
344 404
253 405
172 406
338 407
4 408
302 409
125 410
115 411
173 412
266 413
404 414
364 415
98 416
66 417
63 418
90 419
227 420
225 421
11 422
129 423
364 424
9 425
80 426
122 427
170 428
146 429
13 430
56 431
70 432
92 433
424 434
343 435
314 436
126 437
306 438
169 439
235 440
397 441
188 442
11 443
49 444
422 445
329 446
324 447
220 448
435 449
374 450
165 451
295 452
242 453
68 454
337 455
187 456
436 457
326 458
271 459
267 460
347 461
3 462
71 463
448 464
338 465
315 466
186 467
77 468
132 469
330 470
418 471
26 472
2 473
459 474
253 475
342 476
38 477
309 478
317 479
344 480
30 481
133 482
72 483
23 484
271 485
469 486
248 487
465 488
171 489
352 490
257 491
395 492
480 493
329 494
336 495
70 496
465 497
60 498
192 499
251 500
341 501
201 502
229 503
410 504
295 505
386 506
117 507
473 508
250 509
47 510
150 511
164 512
165 513
337 514
383 515
56 516
142 517
45 518
471 519
9 520
309 521
113 522
41 523
220 524
29 525
174 526
269 527
195 528
47 529
419 530
181 531
411 532
370 533
492 534
394 535
269 536
416 537
199 538
213 539
489 540
395 541
110 542
75 543
142 544
309 545
380 546
88 547
149 548
484 549
442 550
11 551
74 552
90 553
340 554
244 555
109 556
332 557
55 558
492 559
439 560
488 561
205 562
108 563
238 564
65 565
257 566
347 567
495 568
485 569
227 570
447 571
290 572
73 573
230 574
323 575
122 576
356 577
507 578
473 579
284 580
308 581
120 582
208 583
493 584
191 585
538 586
100 587
564 588
292 589
36 590
120 591
480 592
205 593
500 594
363 595
550 596
301 597
147 598
202 599
335 600
108 601
456 602
371 603
327 604
213 605
517 606
235 607
323 608
245 609
447 610
123 611
243 612
430 613
170 614
167 615
227 616
347 617
119 618
149 619
618 620
187 621
430 622
597 623
444 624
610 625
338 626
210 627
273 628
194 629
345 630
564 631
602 632
360 633
601 634
17 635
590 636
146 637
580 638
610 639
551 640
578 641
196 642
358 643
380 644
153 645
234 646
20 647
212 648
428 649
482 650
292 651
332 652
278 653
156 654
551 655
62 656
228 657
511 658
625 659
87 660
343 661
458 662
167 663
33 664
293 665
242 666
589 667
42 668
277 669
474 670
367 671
598 672
53 673
99 674
330 675
320 676
441 677
252 678
137 679
249 680
626 681
560 682
30 683
556 684
264 685
210 686
544 687
535 688
101 689
245 690
661 691
573 692
642 693
273 694
692 695
182 696
574 697
367 698
37 699
209 700
271 701
50 702
544 703
44 704
453 705
183 706
580 707
103 708
232 709
555 710
202 711
235 712
20 713
34 714
669 715
3 716
264 717
222 718
713 719
705 720
485 721
335 722
623 723
419 724
719 725
537 726
404 727
226 728
697 729
121 730
241 731
579 732
263 733
171 734
505 735
256 736
230 737
257 738
357 739
186 740
659 741
526 742
471 743
296 744
114 745
44 746
396 747
550 748
582 749
350 750
562 751
695 752
608 753
579 754
669 755
88 756
567 757
322 758
6 759
174 760
249 761
684 762
82 763
423 764
103 765
501 766
682 767
720 768
170 769
319 770
378 771
491 772
140 773
125 774
412 775
481 776
93 777
498 778
662 779
41 780
513 781
617 782
354 783
115 784
624 785
443 786
57 787
168 788
298 789
656 790
163 791
51 792
174 793
665 794
238 795
290 796
183 797
694 798
179 799
701 800
324 801
192 802
599 803
585 804
230 805
733 806
311 807
712 808
348 809
239 810
572 811
382 812
10 813
494 814
387 815
188 816
478 817
194 818
529 819
103 820
483 821
545 822
256 823
812 824
223 825
369 826
293 827
764 828
730 829
253 830
429 831
554 832
741 833
409 834
771 835
623 836
53 837
183 838
524 839
535 840
81 841
399 842
130 843
606 844
152 845
110 846
500 847
731 848
278 849
353 850
235 851
145 852
650 853
278 854
550 855
757 856
5 857
690 858
264 859
4 860
503 861
578 862
635 863
534 864
625 865
689 866
665 867
781 868
722 869
360 870
673 871
742 872
134 873
675 874
223 875
238 876
592 877
382 878
749 879
391 880
412 881
278 882
388 883
194 884
400 885
290 886
511 887
42 888
252 889
844 890
407 891
275 892
53 893
360 894
231 895
490 896
1 897
204 898
174 899
344 900
860 901
332 902
195 903
677 904
639 905
648 906
31 907
891 908
298 909
859 910
891 911
666 912
846 913
116 914
537 915
414 916
536 917
202 918
123 919
203 920
642 921
147 922
511 923
883 924
530 925
429 926
790 927
382 928
483 929
86 930
494 931
416 932
560 933
539 934
129 935
47 936
510 937
670 938
648 939
482 940
183 941
869 942
267 943
891 944
86 945
577 946
565 947
630 948
320 949
795 950
201 951
821 952
35 953
336 954
575 955
709 956
351 957
12 958
873 959
94 960
292 961
710 962
583 963
627 964
177 965
104 966
849 967
91 968
831 969
112 970
745 971
677 972
696 973
277 974
344 975
507 976
966 977
773 978
513 979
497 980
95 981
31 982
704 983
891 984
44 985
676 986
418 987
72 988
602 989
400 990
178 991
653 992
250 993
589 994
897 995
437 996
468 997
938 998
783 999
489 1000
344 1001
756 1002
733 1003
886 1004
163 1005
591 1006
61 1007
45 1008
909 1009
724 1010
188 1011
370 1012
206 1013
664 1014
546 1015
423 1016
637 1017
106 1018
939 1019
997 1020
768 1021
945 1022
534 1023
465 1024
892 1025
542 1026
32 1027
911 1028
124 1029
460 1030
127 1031
959 1032
852 1033
472 1034
837 1035
695 1036
25 1037
38 1038
108 1039
26 1040
284 1041
412 1042
44 1043
221 1044
839 1045
3 1046
971 1047
401 1048
477 1049
491 1050
799 1051
3 1052
558 1053
820 1054
155 1055
485 1056
646 1057
84 1058
749 1059
62 1060
931 1061
652 1062
376 1063
628 1064
591 1065
323 1066
949 1067
95 1068
217 1069
320 1070
124 1071
545 1072
697 1073
210 1074
970 1075
853 1076
536 1077
918 1078
56 1079
158 1080
29 1081
379 1082
187 1083
875 1084
830 1085
385 1086
511 1087
749 1088
47 1089
123 1090
704 1091
795 1092
42 1093
782 1094
408 1095
434 1096
986 1097
375 1098
665 1099
108 1100
455 1101
130 1102
291 1103
222 1104
2 1105
769 1106
844 1107
508 1108
827 1109
310 1110
364 1111
502 1112
279 1113
238 1114
23 1115
381 1116
376 1117
543 1118
685 1119
635 1120
921 1121
796 1122
958 1123
27 1124
290 1125
989 1126
952 1127
952 1128
659 1129
68 1130
80 1131
233 1132
141 1133
779 1134
331 1135
505 1136
103 1137
217 1138
325 1139
163 1140
424 1141
289 1142
368 1143
157 1144
33 1145
54 1146
957 1147
1047 1148
42 1149
462 1150
422 1151
335 1152
245 1153
546 1154
570 1155
304 1156
645 1157
722 1158
974 1159
484 1160
300 1161
370 1162
884 1163
328 1164
1020 1165
1055 1166
380 1167
485 1168
13 1169
657 1170
175 1171
50 1172
502 1173
86 1174
430 1175
420 1176
1070 1177
249 1178
213 1179
423 1180
824 1181
669 1182
544 1183
1090 1184
240 1185
12 1186
679 1187
16 1188
459 1189
573 1190
810 1191
61 1192
627 1193
151 1194
351 1195
1128 1196
474 1197
712 1198
882 1199
702 1200
354 1201
836 1202
747 1203
54 1204
1163 1205
412 1206
1028 1207
363 1208
735 1209
449 1210
466 1211
829 1212
631 1213
278 1214
420 1215
788 1216
736 1217
1024 1218
512 1219
928 1220
25 1221
325 1222
838 1223
517 1224
1050 1225
1133 1226
514 1227
918 1228
1183 1229
358 1230
1094 1231
1113 1232
1118 1233
734 1234
519 1235
1021 1236
674 1237
90 1238
481 1239
304 1240
1233 1241
298 1242
174 1243
679 1244
701 1245
479 1246
921 1247
949 1248
31 1249
202 1250
42 1251
584 1252
1137 1253
560 1254
417 1255
1255 1256
1185 1257
357 1258
1142 1259
627 1260
61 1261
1024 1262
1259 1263
1124 1264
255 1265
131 1266
914 1267
750 1268
824 1269
664 1270
917 1271
63 1272
879 1273
215 1274
1115 1275
1096 1276
1030 1277
115 1278
447 1279
1119 1280
563 1281
1265 1282
1215 1283
1126 1284
523 1285
273 1286
419 1287
970 1288
753 1289
26 1290
805 1291
1039 1292
946 1293
301 1294
1289 1295
953 1296
475 1297
1253 1298
1272 1299
740 1300
416 1301
1154 1302
520 1303
729 1304
636 1305
977 1306
521 1307
860 1308
728 1309
205 1310
350 1311
961 1312
271 1313
416 1314
575 1315
348 1316
1064 1317
1118 1318
1243 1319
918 1320
616 1321
1190 1322
891 1323
290 1324
427 1325
815 1326
966 1327
387 1328
523 1329
1073 1330
1330 1331
655 1332
720 1333
121 1334
19 1335
151 1336
250 1337
971 1338
1138 1339
332 1340
520 1341
968 1342
1216 1343
1075 1344
244 1345
37 1346
361 1347
621 1348
1187 1349
622 1350
877 1351
203 1352
479 1353
689 1354
226 1355
921 1356
770 1357
986 1358
594 1359
1061 1360
808 1361
367 1362
50 1363
1302 1364
422 1365
570 1366
1223 1367
1367 1368
211 1369
1061 1370
1369 1371
973 1372
1278 1373
811 1374
1070 1375
1312 1376
619 1377
106 1378
1338 1379
842 1380
1308 1381
208 1382
678 1383
327 1384
1241 1385
1223 1386
1171 1387
1344 1388
1096 1389
1041 1390
1268 1391
540 1392
126 1393
791 1394
409 1395
373 1396
1100 1397
283 1398
172 1399
242 1400
529 1401
1098 1402
1012 1403
810 1404
1301 1405
933 1406
764 1407
1349 1408
444 1409
165 1410
1255 1411
230 1412
1321 1413
558 1414
311 1415
38 1416
60 1417
331 1418
498 1419
347 1420
1350 1421
1373 1422
448 1423
1206 1424
588 1425
1382 1426
207 1427
884 1428
1368 1429
123 1430
1244 1431
811 1432
481 1433
775 1434
264 1435
1222 1436
545 1437
471 1438
1004 1439
21 1440
924 1441
1289 1442
650 1443
1239 1444
584 1445
1314 1446
1191 1447
697 1448
257 1449
1030 1450
521 1451
175 1452
164 1453
695 1454
398 1455
1123 1456
332 1457
628 1458
1242 1459
377 1460
109 1461
90 1462
1122 1463
88 1464
512 1465
832 1466
305 1467
474 1468
1361 1469
544 1470
590 1471
548 1472
1303 1473
1018 1474
1201 1475
639 1476
871 1477
914 1478
1076 1479
44 1480
292 1481
1280 1482
1322 1483
1212 1484
1171 1485
1272 1486
509 1487
403 1488
1429 1489
978 1490
803 1491
307 1492
1199 1493
694 1494
97 1495
662 1496
822 1497
555 1498
687 1499
716 1500
165 1501
1161 1502
96 1503
493 1504
511 1505
1190 1506
323 1507
310 1508
910 1509
556 1510
460 1511
189 1512
102 1513
627 1514
1287 1515
78 1516
532 1517
428 1518
1100 1519
1470 1520
879 1521
101 1522
842 1523
69 1524
146 1525
737 1526
516 1527
137 1528
211 1529
169 1530
18 1531
1054 1532
623 1533
421 1534
191 1535
1246 1536
835 1537
333 1538
642 1539
467 1540
855 1541
1248 1542
106 1543
1160 1544
268 1545
1238 1546
841 1547
1200 1548
180 1549
653 1550
270 1551
590 1552
1191 1553
341 1554
1007 1555
159 1556
510 1557
209 1558
751 1559
439 1560
1150 1561
1092 1562
1098 1563
1424 1564
524 1565
1559 1566
1342 1567
1514 1568
1343 1569
1133 1570
825 1571
762 1572
233 1573
850 1574
368 1575
1013 1576
1526 1577
536 1578
748 1579
915 1580
1570 1581
61 1582
1245 1583
523 1584
738 1585
292 1586
1256 1587
224 1588
1404 1589
60 1590
3 1591
722 1592
1089 1593
1545 1594
474 1595
1210 1596
548 1597
672 1598
1421 1599
635 1600
438 1601
727 1602
136 1603
910 1604
405 1605
416 1606
183 1607
1237 1608
930 1609
1043 1610
116 1611
1329 1612
965 1613
894 1614
1093 1615
1559 1616
331 1617
105 1618
379 1619
11 1620
1314 1621
1454 1622
333 1623
486 1624
1578 1625
243 1626
1450 1627
374 1628
610 1629
205 1630
1619 1631
1488 1632
1117 1633
621 1634
640 1635
603 1636
347 1637
815 1638
724 1639
207 1640
600 1641
1262 1642
413 1643
1080 1644
1232 1645
1509 1646
463 1647
132 1648
845 1649
297 1650
1288 1651
953 1652
153 1653
281 1654
11 1655
884 1656
1029 1657
998 1658
1545 1659
1241 1660
398 1661
105 1662
1587 1663
497 1664
1537 1665
760 1666
434 1667
368 1668
811 1669
1087 1670
1135 1671
84 1672
1605 1673
310 1674
351 1675
959 1676
1518 1677
572 1678
1144 1679
1466 1680
647 1681
51 1682
293 1683
283 1684
1248 1685
181 1686
629 1687
177 1688
1190 1689
1174 1690
1156 1691
1048 1692
115 1693
284 1694
689 1695
989 1696
966 1697
719 1698
11 1699
1648 1700
1220 1701
395 1702
897 1703
11 1704
764 1705
618 1706
1167 1707
619 1708
1665 1709
417 1710
617 1711
1501 1712
112 1713
1693 1714
579 1715
43 1716
896 1717
501 1718
460 1719
749 1720
937 1721
1145 1722
971 1723
1612 1724
90 1725
63 1726
376 1727
1386 1728
1166 1729
1607 1730
246 1731
762 1732
1507 1733
13 1734
1387 1735
832 1736
1307 1737
953 1738
638 1739
130 1740
1112 1741
977 1742
1071 1743
61 1744
1307 1745
141 1746
1501 1747
383 1748
1205 1749
580 1750
849 1751
451 1752
1554 1753
706 1754
505 1755
512 1756
1166 1757
1173 1758
984 1759
551 1760
1177 1761
1296 1762
833 1763
1316 1764
566 1765
1431 1766
183 1767
643 1768
1275 1769
134 1770
1506 1771
951 1772
1715 1773
704 1774
589 1775
309 1776
1568 1777
191 1778
1486 1779
1664 1780
1764 1781
714 1782
1487 1783
545 1784
417 1785
298 1786
1533 1787
206 1788
513 1789
189 1790
955 1791
1409 1792
689 1793
422 1794
1272 1795
77 1796
600 1797
43 1798
551 1799
618 1800
121 1801
770 1802
1447 1803
1597 1804
836 1805
195 1806
1354 1807
454 1808
162 1809
1133 1810
551 1811
1505 1812
1383 1813
908 1814
1299 1815
100 1816
560 1817
1187 1818
833 1819
645 1820
1186 1821
775 1822
1437 1823
1479 1824
1396 1825
861 1826
1587 1827
973 1828
907 1829
585 1830
1581 1831
376 1832
1527 1833
718 1834
561 1835
795 1836
1510 1837
1245 1838
1250 1839
538 1840
578 1841
996 1842
1620 1843
1575 1844
1708 1845
1583 1846
1529 1847
280 1848
1714 1849
1067 1850
1322 1851
1683 1852
622 1853
540 1854
1759 1855
235 1856
451 1857
794 1858
83 1859
1106 1860
13 1861
1177 1862
1011 1863
423 1864
1803 1865
694 1866
833 1867
1240 1868
1084 1869
1791 1870
181 1871
1500 1872
1517 1873
945 1874
529 1875
1861 1876
1162 1877
474 1878
1320 1879
881 1880
726 1881
1688 1882
1398 1883
945 1884
233 1885
1773 1886
586 1887
1809 1888
1474 1889
1061 1890
330 1891
1596 1892
1559 1893
1617 1894
157 1895
957 1896
1083 1897
1145 1898
1218 1899
1705 1900
1186 1901
165 1902
808 1903
1712 1904
1154 1905
1088 1906
414 1907
150 1908
212 1909
1060 1910
640 1911
1179 1912
893 1913
179 1914
1534 1915
211 1916
910 1917
845 1918
177 1919
591 1920
392 1921
1324 1922
1131 1923
1802 1924
41 1925
1844 1926
1908 1927
168 1928
806 1929
1165 1930
457 1931
41 1932
1648 1933
1287 1934
1855 1935
301 1936
556 1937
1877 1938
1895 1939
692 1940
70 1941
290 1942
1854 1943
368 1944
1581 1945
987 1946
1807 1947
544 1948
377 1949
1271 1950
939 1951
1125 1952
1322 1953
959 1954
1378 1955
229 1956
59 1957
90 1958
38 1959
885 1960
92 1961
641 1962
933 1963
1457 1964
78 1965
661 1966
1475 1967
1952 1968
68 1969
134 1970
579 1971
272 1972
19 1973
296 1974
31 1975
1792 1976
13 1977
1840 1978
1654 1979
1307 1980
92 1981
382 1982
1816 1983
1455 1984
591 1985
1431 1986
952 1987
322 1988
1907 1989
1082 1990
750 1991
100 1992
110 1993
856 1994
1447 1995
1011 1996
573 1997
49 1998
965 1999
1137 2000
902 2001
1032 2002
720 2003
349 2004
1711 2005
160 2006
1755 2007
883 2008
312 2009
1894 2010
1279 2011
599 2012
598 2013
1561 2014
1725 2015
1573 2016
657 2017
1430 2018
1677 2019
1216 2020
54 2021
674 2022
1614 2023
644 2024
717 2025
1 2026
10 2027
649 2028
1213 2029
1359 2030
560 2031
1491 2032
1680 2033
1675 2034
302 2035
937 2036
519 2037
1130 2038
340 2039
139 2040
1750 2041
91 2042
1292 2043
1556 2044
1210 2045
1163 2046
337 2047
556 2048
1024 2049
415 2050
121 2051
900 2052
1777 2053
477 2054
99 2055
191 2056
192 2057
1559 2058
1452 2059
1746 2060
86 2061
1685 2062
110 2063
336 2064
680 2065
1811 2066
1212 2067
1514 2068
1636 2069
516 2070
731 2071
1206 2072
1677 2073
338 2074
1990 2075
633 2076
168 2077
898 2078
1186 2079
361 2080
1353 2081
1087 2082
1873 2083
466 2084
81 2085
385 2086
920 2087
1719 2088
724 2089
1000 2090
670 2091
566 2092
1909 2093
608 2094
184 2095
1713 2096
1097 2097
739 2098
598 2099
710 2100
769 2101
1899 2102
1233 2103
959 2104
1224 2105
101 2106
1880 2107
1788 2108
135 2109
1751 2110
1853 2111
2009 2112
444 2113
1788 2114
628 2115
1177 2116
1189 2117
513 2118
1473 2119
961 2120
1096 2121
327 2122
1146 2123
69 2124
1920 2125
356 2126
620 2127
2099 2128
103 2129
837 2130
1432 2131
1793 2132
1981 2133
1108 2134
5 2135
1916 2136
1284 2137
443 2138
1976 2139
1658 2140
1470 2141
1320 2142
146 2143
1021 2144
493 2145
2144 2146
1809 2147
1061 2148
493 2149
265 2150
1659 2151
972 2152
799 2153
1374 2154
1503 2155
1550 2156
2096 2157
1110 2158
961 2159
602 2160
141 2161
840 2162
1711 2163
459 2164
2125 2165
855 2166
1215 2167
2009 2168
1382 2169
1384 2170
250 2171
1584 2172
898 2173
1486 2174
1607 2175
94 2176
1023 2177
169 2178
1630 2179
166 2180
1593 2181
1362 2182
1805 2183
784 2184
1205 2185
1249 2186
1321 2187
377 2188
183 2189
1379 2190
1789 2191
1817 2192
2100 2193
1513 2194
1064 2195
1337 2196
1586 2197
2165 2198
354 2199
788 2200
2026 2201
496 2202
79 2203
462 2204
1196 2205
1445 2206
1067 2207
902 2208
1748 2209
1383 2210
619 2211
944 2212
2153 2213
531 2214
1246 2215
2145 2216
1172 2217
295 2218
1684 2219
2056 2220
510 2221
182 2222
1427 2223
896 2224
1311 2225
299 2226
786 2227
479 2228
1596 2229
2027 2230
231 2231
1201 2232
517 2233
808 2234
1481 2235
1334 2236
1823 2237
1260 2238
215 2239
1686 2240
1105 2241
905 2242
2092 2243
1527 2244
2096 2245
97 2246
1978 2247
1088 2248
275 2249
2013 2250
1375 2251
1010 2252
313 2253
1825 2254
1152 2255
899 2256
1185 2257
845 2258
125 2259
881 2260
1408 2261
1290 2262
896 2263
1771 2264
186 2265
813 2266
2150 2267
874 2268
352 2269
1852 2270
1920 2271
1983 2272
787 2273
473 2274
1708 2275
614 2276
1903 2277
1971 2278
851 2279
2025 2280
1248 2281
652 2282
1505 2283
331 2284
1767 2285
1785 2286
2014 2287
1725 2288
1981 2289
1170 2290
270 2291
414 2292
629 2293
1883 2294
1090 2295
1884 2296
394 2297
556 2298
2003 2299
1616 2300
1210 2301
1280 2302
396 2303
2105 2304
659 2305
1752 2306
235 2307
37 2308
1093 2309
929 2310
1486 2311
1653 2312
343 2313
1609 2314
978 2315
1680 2316
195 2317
1243 2318
1061 2319
1521 2320
1412 2321
1007 2322
573 2323
46 2324
887 2325
1820 2326
699 2327
233 2328
819 2329
1343 2330
2007 2331
1684 2332
391 2333
40 2334
1677 2335
1639 2336
2197 2337
1440 2338
720 2339
2286 2340
1261 2341
1314 2342
757 2343
1676 2344
2298 2345
2225 2346
2163 2347
144 2348
625 2349
1572 2350
758 2351
1239 2352
1517 2353
15 2354
1545 2355
1036 2356
2025 2357
649 2358
984 2359
2003 2360
142 2361
1509 2362
1957 2363
63 2364
875 2365
825 2366
588 2367
2197 2368
277 2369
1234 2370
784 2371
116 2372
1527 2373
1510 2374
692 2375
698 2376
909 2377
897 2378
192 2379
303 2380
532 2381
688 2382
2037 2383
2268 2384
1798 2385
373 2386
2358 2387
663 2388
829 2389
210 2390
1457 2391
666 2392
559 2393
1448 2394
1433 2395
1101 2396
358 2397
1177 2398
95 2399
2139 2400
2225 2401
1160 2402
275 2403
1955 2404
855 2405
555 2406
2166 2407
1756 2408
1578 2409
1091 2410
1605 2411
1980 2412
996 2413
1685 2414
25 2415
1732 2416
1461 2417
1652 2418
1378 2419
1493 2420
1951 2421
2072 2422
2240 2423
180 2424
1700 2425
934 2426
651 2427
458 2428
545 2429
1411 2430
264 2431
2012 2432
2402 2433
2291 2434
1437 2435
932 2436
2180 2437
1161 2438
1842 2439
2351 2440
1452 2441
865 2442
2372 2443
1267 2444
1286 2445
2241 2446
1830 2447
391 2448
1301 2449
1028 2450
2288 2451
1032 2452
1342 2453
939 2454
560 2455
2222 2456
732 2457
2387 2458
2216 2459
616 2460
519 2461
1673 2462
2417 2463
1250 2464
2248 2465
975 2466
142 2467
2063 2468
1946 2469
332 2470
1446 2471
1642 2472
1967 2473
1019 2474
830 2475
2034 2476
2457 2477
1403 2478
2029 2479
1298 2480
1668 2481
422 2482
1482 2483
2072 2484
1437 2485
347 2486
1846 2487
327 2488
1082 2489
937 2490
1473 2491
1616 2492
2064 2493
1937 2494
1037 2495
2439 2496
330 2497
412 2498
1621 2499
1086 2500
1176 2501
2072 2502
824 2503
1213 2504
2203 2505
364 2506
219 2507
1328 2508
942 2509
473 2510
72 2511
1571 2512
1975 2513
1891 2514
380 2515
290 2516
548 2517
810 2518
2236 2519
2223 2520
727 2521
2449 2522
1119 2523
2278 2524
1019 2525
1685 2526
1654 2527
38 2528
1767 2529
902 2530
1797 2531
1885 2532
910 2533
2192 2534
1789 2535
2386 2536
1914 2537
1709 2538
1455 2539
830 2540
1913 2541
1201 2542
1121 2543
1850 2544
2045 2545
1532 2546
904 2547
1020 2548
934 2549
2211 2550
135 2551
2174 2552
985 2553
1941 2554
2199 2555
114 2556
1989 2557
824 2558
1040 2559
593 2560
2053 2561
1784 2562
27 2563
1435 2564
538 2565
2531 2566
1331 2567
642 2568
1081 2569
1344 2570
1942 2571
1446 2572
2131 2573
1257 2574
2573 2575
611 2576
1668 2577
1367 2578
218 2579
823 2580
1141 2581
2095 2582
13 2583
30 2584
356 2585
2508 2586
2039 2587
741 2588
1241 2589
2152 2590
2435 2591
1809 2592
1219 2593
2245 2594
1224 2595
185 2596
2287 2597
269 2598
525 2599
2128 2600
729 2601
1079 2602
1352 2603
150 2604
1111 2605
1027 2606
52 2607
490 2608
1892 2609
1307 2610
1919 2611
539 2612
1467 2613
2250 2614
606 2615
1505 2616
235 2617
424 2618
2074 2619
1259 2620
321 2621
2455 2622
2463 2623
1264 2624
2599 2625
2287 2626
71 2627
411 2628
2245 2629
695 2630
982 2631
617 2632
1927 2633
1214 2634
1496 2635
591 2636
2170 2637
2435 2638
963 2639
393 2640
1462 2641
1747 2642
1262 2643
1338 2644
1192 2645
2194 2646
1908 2647
2528 2648
1325 2649
2573 2650
2038 2651
863 2652
92 2653
634 2654
2621 2655
906 2656
957 2657
763 2658
685 2659
1537 2660
2122 2661
2378 2662
150 2663
514 2664
1537 2665
2581 2666
2050 2667
1344 2668
2576 2669
2448 2670
1187 2671
2148 2672
709 2673
349 2674
2432 2675
146 2676
994 2677
254 2678
1419 2679
1866 2680
2263 2681
2303 2682
1052 2683
2622 2684
559 2685
1960 2686
1181 2687
1378 2688
2604 2689
1618 2690
347 2691
2202 2692
1905 2693
1516 2694
493 2695
858 2696
52 2697
279 2698
1104 2699
1815 2700
1454 2701
2212 2702
429 2703
228 2704
1446 2705
1186 2706
660 2707
2621 2708
1384 2709
1612 2710
1693 2711
179 2712
1488 2713
2260 2714
20 2715
151 2716
556 2717
1571 2718
2333 2719
2572 2720
1347 2721
983 2722
188 2723
2330 2724
748 2725
52 2726
1669 2727
506 2728
2385 2729
702 2730
1881 2731
1934 2732
498 2733
919 2734
964 2735
665 2736
1475 2737
1956 2738
802 2739
714 2740
522 2741
2365 2742
1612 2743
2513 2744
365 2745
2070 2746
184 2747
758 2748
2087 2749
694 2750
2354 2751
123 2752
952 2753
2629 2754
1748 2755
2113 2756
231 2757
411 2758
1389 2759
1978 2760
1491 2761
32 2762
730 2763
14 2764
553 2765
1584 2766
2409 2767
1447 2768
1900 2769
1327 2770
1240 2771
1574 2772
546 2773
502 2774
918 2775
2685 2776
1585 2777
873 2778
2279 2779
1994 2780
1413 2781
1773 2782
138 2783
1246 2784
653 2785
2609 2786
1631 2787
448 2788
748 2789
1726 2790
1722 2791
2004 2792
2172 2793
2634 2794
2486 2795
1286 2796
2124 2797
60 2798
1681 2799
363 2800
841 2801
781 2802
2338 2803
1838 2804
232 2805
1315 2806
2221 2807
936 2808
1146 2809
201 2810
266 2811
910 2812
817 2813
2496 2814
1207 2815
2745 2816
1219 2817
96 2818
632 2819
1773 2820
1688 2821
2504 2822
1570 2823
474 2824
541 2825
2421 2826
2682 2827
2817 2828
380 2829
994 2830
780 2831
800 2832
2293 2833
1855 2834
1888 2835
2315 2836
1075 2837
274 2838
266 2839
1923 2840
1063 2841
10 2842
518 2843
2526 2844
2686 2845
1599 2846
2762 2847
72 2848
53 2849
2104 2850
1834 2851
1224 2852
2830 2853
751 2854
540 2855
534 2856
62 2857
2765 2858
1665 2859
1640 2860
2107 2861
733 2862
2778 2863
1628 2864
635 2865
2731 2866
2401 2867
225 2868
2725 2869
2685 2870
2779 2871
1761 2872
583 2873
2776 2874
1022 2875
2122 2876
114 2877
749 2878
451 2879
709 2880
1753 2881
1564 2882
563 2883
2226 2884
2041 2885
958 2886
1529 2887
1641 2888
2841 2889
474 2890
2759 2891
966 2892
2302 2893
1656 2894
951 2895
964 2896
2617 2897
6 2898
2765 2899
1192 2900
1805 2901
2717 2902
74 2903
2895 2904
347 2905
1038 2906
1134 2907
317 2908
569 2909
49 2910
1748 2911
1621 2912
2794 2913
2842 2914
856 2915
2597 2916
1700 2917
861 2918
2775 2919
1593 2920
2872 2921
2042 2922
2476 2923
1260 2924
2771 2925
1050 2926
1749 2927
2749 2928
2219 2929
833 2930
2132 2931
479 2932
2316 2933
1217 2934
976 2935
2680 2936
2546 2937
427 2938
2753 2939
2856 2940
2727 2941
469 2942
965 2943
2698 2944
2238 2945
344 2946
627 2947
1879 2948
2680 2949
2582 2950
26 2951
2900 2952
2450 2953
2283 2954
2377 2955
759 2956
150 2957
1574 2958
2308 2959
601 2960
491 2961
2410 2962
2239 2963
977 2964
2334 2965
1540 2966
1323 2967
2053 2968
832 2969
2069 2970
2553 2971
1616 2972
2407 2973
1735 2974
298 2975
739 2976
1359 2977
2755 2978
1862 2979
1488 2980
2210 2981
650 2982
2882 2983
514 2984
1915 2985
1853 2986
1430 2987
233 2988
85 2989
2599 2990
1269 2991
562 2992
2851 2993
62 2994
1469 2995
995 2996
1577 2997
1420 2998
1204 2999
1790 3000
1109 3001
74 3002
2049 3003
443 3004
2740 3005
868 3006
2621 3007
1336 3008
2840 3009
2063 3010
1306 3011
976 3012
267 3013
1707 3014
2725 3015
1348 3016
847 3017
2001 3018
2660 3019
2838 3020
858 3021
1586 3022
2507 3023
546 3024
2423 3025
1947 3026
250 3027
2895 3028
2401 3029
1165 3030
968 3031
1966 3032
2776 3033
713 3034
2511 3035
1738 3036
1894 3037
67 3038
1008 3039
2144 3040
1455 3041
155 3042
626 3043
461 3044
2266 3045
1908 3046
840 3047
69 3048
916 3049
432 3050
497 3051
319 3052
93 3053
1808 3054
632 3055
1160 3056
1676 3057
765 3058
2175 3059
2769 3060
1834 3061
2697 3062
1140 3063
1869 3064
352 3065
2012 3066
2838 3067
1892 3068
1162 3069
434 3070
731 3071
135 3072
1794 3073
391 3074
1427 3075
1687 3076
1703 3077
615 3078
309 3079
2904 3080
892 3081
856 3082
2130 3083
306 3084
698 3085
562 3086
2163 3087
2870 3088
2853 3089
1083 3090
2191 3091
801 3092
977 3093
529 3094
1336 3095
737 3096
2344 3097
212 3098
2569 3099
1811 3100
137 3101
2072 3102
1240 3103
1562 3104
1769 3105
2456 3106
1997 3107
431 3108
1461 3109
1653 3110
2734 3111
1660 3112
546 3113
1336 3114
219 3115
2016 3116
2052 3117
1654 3118
2375 3119
361 3120
2081 3121
1871 3122
18 3123
2229 3124
1851 3125
1668 3126
68 3127
673 3128
1517 3129
2735 3130
1393 3131
1860 3132
360 3133
1237 3134
724 3135
1282 3136
2394 3137
156 3138
1960 3139
330 3140
793 3141
2614 3142
2256 3143
461 3144
3082 3145
2868 3146
1977 3147
394 3148
117 3149
2919 3150
914 3151
1218 3152
1534 3153
2710 3154
20 3155
2794 3156
2710 3157
874 3158
405 3159
78 3160
290 3161
1115 3162
378 3163
2461 3164
1556 3165
2866 3166
3052 3167
793 3168
2907 3169
1313 3170
2401 3171
2043 3172
2617 3173
347 3174
2122 3175
2121 3176
2063 3177
2157 3178
1610 3179
3172 3180
1809 3181
2017 3182
1023 3183
1112 3184
2360 3185
2391 3186
2001 3187
1315 3188
2493 3189
1460 3190
3010 3191
628 3192
306 3193
2452 3194
2833 3195
2522 3196
1034 3197
1183 3198
830 3199
690 3200
2775 3201
2578 3202
1158 3203
2272 3204
3181 3205
505 3206
2988 3207
2565 3208
2051 3209
2697 3210
1111 3211
3025 3212
1884 3213
2016 3214
2349 3215
143 3216
137 3217
68 3218
950 3219
2042 3220
1504 3221
1094 3222
1222 3223
229 3224
1962 3225
510 3226
914 3227
2496 3228
576 3229
910 3230
1125 3231
2111 3232
1497 3233
2357 3234
1340 3235
2614 3236
981 3237
2346 3238
2241 3239
2652 3240
674 3241
3204 3242
705 3243
393 3244
1955 3245
1116 3246
2460 3247
212 3248
993 3249
2448 3250
2411 3251
1543 3252
3053 3253
2798 3254
1318 3255
2325 3256
933 3257
1499 3258
2313 3259
2422 3260
2507 3261
1641 3262
551 3263
209 3264
2782 3265
548 3266
3027 3267
1956 3268
1446 3269
721 3270
2389 3271
577 3272
3061 3273
1850 3274
2155 3275
791 3276
1990 3277
2360 3278
1937 3279
319 3280
435 3281
2483 3282
1758 3283
1305 3284
1767 3285
2700 3286
2853 3287
1467 3288
581 3289
1652 3290
1350 3291
1823 3292
1519 3293
375 3294
1068 3295
3190 3296
1005 3297
1420 3298
1419 3299
2641 3300
446 3301
464 3302
2076 3303
2103 3304
313 3305
1283 3306
3126 3307
255 3308
117 3309
567 3310
2036 3311
997 3312
1247 3313
87 3314
2731 3315
2005 3316
2945 3317
672 3318
1544 3319
2478 3320
2199 3321
52 3322
32 3323
2864 3324
707 3325
1263 3326
2930 3327
3095 3328
1858 3329
2856 3330
1961 3331
2512 3332
2279 3333
1327 3334
877 3335
2000 3336
2306 3337
696 3338
939 3339
410 3340
2978 3341
3255 3342
544 3343
2187 3344
474 3345
1447 3346
2670 3347
3042 3348
1249 3349
1456 3350
2019 3351
2080 3352
3065 3353
89 3354
1819 3355
3312 3356
1761 3357
392 3358
3263 3359
274 3360
2518 3361
2300 3362
80 3363
475 3364
301 3365
2094 3366
546 3367
2850 3368
1009 3369
850 3370
2970 3371
3018 3372
1839 3373
3358 3374
3183 3375
1004 3376
1005 3377
1374 3378
786 3379
1802 3380
143 3381
3175 3382
1747 3383
164 3384
626 3385
1409 3386
1560 3387
1203 3388
541 3389
475 3390
1757 3391
2878 3392
414 3393
2840 3394
2267 3395
2780 3396
1474 3397
393 3398
1236 3399
1015 3400
2745 3401
2841 3402
2072 3403
1663 3404
1833 3405
1012 3406
1931 3407
2109 3408
2940 3409
202 3410
1026 3411
1463 3412
2172 3413
1150 3414
2147 3415
633 3416
2673 3417
22 3418
567 3419
2855 3420
2548 3421
1043 3422
1027 3423
2841 3424
859 3425
126 3426
2042 3427
931 3428
86 3429
400 3430
931 3431
1051 3432
1359 3433
2010 3434
2962 3435
1372 3436
3411 3437
1264 3438
558 3439
277 3440
2513 3441
881 3442
682 3443
822 3444
1087 3445
2693 3446
1696 3447
830 3448
213 3449
2055 3450
77 3451
116 3452
124 3453
1151 3454
783 3455
2880 3456
2592 3457
555 3458
311 3459
255 3460
2303 3461
3056 3462
1245 3463
1054 3464
3423 3465
2608 3466
1396 3467
2213 3468
2320 3469
279 3470
2593 3471
3357 3472
2422 3473
1354 3474
2621 3475
1978 3476
1179 3477
2148 3478
3183 3479
1165 3480
1393 3481
34 3482
824 3483
2342 3484
1475 3485
699 3486
1460 3487
3344 3488
1633 3489
1085 3490
1929 3491
862 3492
1059 3493
3220 3494
648 3495
2312 3496
844 3497
2728 3498
2215 3499
1478 3500
351 3501
2779 3502
3197 3503
1979 3504
981 3505
1781 3506
1880 3507
3319 3508
58 3509
2744 3510
2419 3511
1468 3512
265 3513
3438 3514
2902 3515
417 3516
1177 3517
2055 3518
1526 3519
942 3520
1832 3521
1420 3522
1466 3523
1051 3524
3360 3525
2304 3526
3332 3527
3506 3528
2252 3529
1389 3530
2033 3531
2942 3532
1262 3533
1128 3534
3190 3535
3367 3536
162 3537
1830 3538
135 3539
1086 3540
2330 3541
1397 3542
2484 3543
1120 3544
871 3545
1823 3546
1553 3547
2301 3548
1826 3549
3220 3550
1843 3551
2342 3552
2806 3553
706 3554
1271 3555
819 3556
591 3557
3424 3558
296 3559
2752 3560
1683 3561
891 3562
1770 3563
3273 3564
1329 3565
3336 3566
511 3567
1090 3568
856 3569
1453 3570
887 3571
351 3572
1538 3573
2778 3574
802 3575
3400 3576
2027 3577
2629 3578
3346 3579
1050 3580
3261 3581
2155 3582
3549 3583
1736 3584
2090 3585
1510 3586
2339 3587
1537 3588
2647 3589
1390 3590
1100 3591
1068 3592
3354 3593
1515 3594
198 3595
1606 3596
2206 3597
3402 3598
163 3599
518 3600
712 3601
885 3602
92 3603
1915 3604
579 3605
2533 3606
1975 3607
1089 3608
1642 3609
3009 3610
1737 3611
2147 3612
3 3613
1113 3614
1210 3615
17 3616
1396 3617
2520 3618
1146 3619
294 3620
3410 3621
815 3622
1267 3623
274 3624
2399 3625
1441 3626
3352 3627
1574 3628
1177 3629
581 3630
3539 3631
2446 3632
913 3633
941 3634
3582 3635
3001 3636
3334 3637
40 3638
581 3639
897 3640
2921 3641
815 3642
870 3643
816 3644
2062 3645
31 3646
492 3647
1908 3648
428 3649
1426 3650
661 3651
692 3652
2595 3653
21 3654
992 3655
613 3656
2457 3657
115 3658
3491 3659
3632 3660
66 3661
2333 3662
1272 3663
704 3664
1278 3665
955 3666
2959 3667
3317 3668
1264 3669
2978 3670
2021 3671
720 3672
994 3673
3404 3674
2948 3675
1697 3676
1783 3677
3266 3678
2783 3679
3106 3680
1372 3681
3451 3682
1968 3683
3353 3684
2821 3685
2230 3686
2443 3687
1733 3688
415 3689
826 3690
2663 3691
2679 3692
3429 3693
3627 3694
1378 3695
1273 3696
3278 3697
131 3698
1364 3699
3667 3700
2975 3701
1218 3702
2376 3703
3332 3704
1850 3705
2369 3706
1658 3707
2043 3708
3057 3709
2415 3710
213 3711
2342 3712
525 3713
3292 3714
991 3715
2841 3716
2562 3717
2489 3718
3004 3719
956 3720
3476 3721
314 3722
485 3723
1409 3724
1208 3725
927 3726
876 3727
824 3728
2319 3729
3499 3730
3074 3731
525 3732
265 3733
3636 3734
1785 3735
1227 3736
2354 3737
1733 3738
2813 3739
1977 3740
2711 3741
1291 3742
1489 3743
2700 3744
1002 3745
2651 3746
3633 3747
1560 3748
2637 3749
427 3750
3328 3751
2076 3752
2387 3753
106 3754
623 3755
1677 3756
761 3757
2652 3758
1643 3759
1621 3760
38 3761
1424 3762
3252 3763
931 3764
2908 3765
1289 3766
2848 3767
3103 3768
844 3769
2138 3770
2572 3771
2641 3772
2208 3773
1033 3774
2950 3775
105 3776
3057 3777
1207 3778
2721 3779
3296 3780
1278 3781
1026 3782
3113 3783
3644 3784
1535 3785
2555 3786
2075 3787
570 3788
2115 3789
249 3790
1879 3791
1410 3792
1761 3793
605 3794
2609 3795
2528 3796
273 3797
1231 3798
2577 3799
2178 3800
362 3801
3007 3802
704 3803
2483 3804
48 3805
217 3806
612 3807
380 3808
262 3809
3319 3810
2076 3811
2320 3812
498 3813
974 3814
1984 3815
985 3816
769 3817
2546 3818
924 3819
2056 3820
2115 3821
155 3822
11 3823
3788 3824
2327 3825
2382 3826
1522 3827
2609 3828
916 3829
1188 3830
627 3831
3002 3832
1190 3833
2567 3834
1912 3835
2284 3836
3002 3837
2468 3838
561 3839
2706 3840
3324 3841
1313 3842
3101 3843
1928 3844
2321 3845
853 3846
3533 3847
2215 3848
976 3849
3756 3850
1995 3851
478 3852
3766 3853
149 3854
3484 3855
2718 3856
2911 3857
353 3858
2948 3859
2729 3860
2434 3861
1275 3862
2028 3863
3408 3864
634 3865
1407 3866
734 3867
1579 3868
3017 3869
2226 3870
3815 3871
3312 3872
1038 3873
1670 3874
1750 3875
669 3876
2505 3877
124 3878
2240 3879
633 3880
2495 3881
2075 3882
7 3883
3747 3884
3808 3885
986 3886
3302 3887
1528 3888
3198 3889
2794 3890
1778 3891
676 3892
3498 3893
3171 3894
2403 3895
3628 3896
1455 3897
1474 3898
2213 3899
2986 3900
2003 3901
774 3902
1094 3903
3588 3904
204 3905
1912 3906
959 3907
1633 3908
2499 3909
1626 3910
2108 3911
2913 3912
345 3913
3201 3914
716 3915
2479 3916
893 3917
1895 3918
450 3919
43 3920
3753 3921
2866 3922
809 3923
233 3924
2883 3925
2774 3926
773 3927
1854 3928
2792 3929
532 3930
1077 3931
2306 3932
3458 3933
2913 3934
982 3935
3488 3936
1880 3937
3223 3938
3489 3939
925 3940
3805 3941
2113 3942
2799 3943
437 3944
3251 3945
1490 3946
1283 3947
2430 3948
2022 3949
533 3950
552 3951
1072 3952
773 3953
2956 3954
2097 3955
367 3956
3460 3957
67 3958
3366 3959
3573 3960
2306 3961
1296 3962
3515 3963
1507 3964
3839 3965
164 3966
729 3967
3139 3968
1597 3969
999 3970
540 3971
2508 3972
3411 3973
2914 3974
2874 3975
2238 3976
3830 3977
792 3978
2217 3979
2621 3980
2648 3981
1720 3982
2520 3983
526 3984
2889 3985
1303 3986
2579 3987
216 3988
1378 3989
2439 3990
1256 3991
1294 3992
2918 3993
317 3994
515 3995
731 3996
3930 3997
3026 3998
2679 3999
2052 4000
1061 4001
3543 4002
1048 4003
453 4004
3758 4005
1718 4006
394 4007
1167 4008
1738 4009
1282 4010
1556 4011
3252 4012
1519 4013
3063 4014
3100 4015
545 4016
2528 4017
2973 4018
1863 4019
3273 4020
3242 4021
784 4022
3863 4023
3595 4024
1066 4025
755 4026
485 4027
1945 4028
49 4029
3737 4030
3680 4031
2054 4032
1734 4033
3278 4034
1453 4035
3557 4036
686 4037
272 4038
2657 4039
2397 4040
594 4041
2981 4042
1035 4043
718 4044
1644 4045
1708 4046
4023 4047
1272 4048
425 4049
1229 4050
1958 4051
3076 4052
1080 4053
1888 4054
2570 4055
904 4056
2887 4057
559 4058
707 4059
2801 4060
2631 4061
3507 4062
2636 4063
3548 4064
322 4065
3751 4066
363 4067
2064 4068
1353 4069
1204 4070
3956 4071
3089 4072
2488 4073
2192 4074
344 4075
1941 4076
1828 4077
661 4078
3600 4079
3934 4080
2219 4081
1263 4082
790 4083
834 4084
836 4085
1744 4086
3815 4087
3887 4088
1904 4089
1653 4090
277 4091
3113 4092
556 4093
2540 4094
1813 4095
263 4096
149 4097
2651 4098
2383 4099
562 4100
4040 4101
460 4102
3539 4103
1991 4104
4068 4105
2221 4106
552 4107
3847 4108
2485 4109
740 4110
222 4111
523 4112
1527 4113
3725 4114
253 4115
2592 4116
3079 4117
158 4118
2698 4119
666 4120
2277 4121
2109 4122
3448 4123
3469 4124
199 4125
346 4126
493 4127
2923 4128
3054 4129
2304 4130
2254 4131
749 4132
33 4133
2145 4134
1289 4135
3745 4136
1050 4137
158 4138
2549 4139
736 4140
414 4141
3096 4142
291 4143
801 4144
1538 4145
2038 4146
2121 4147
1687 4148
2905 4149
2769 4150
98 4151
2828 4152
2839 4153
47 4154
3790 4155
1877 4156
203 4157
804 4158
3115 4159
1087 4160
3500 4161
3548 4162
2629 4163
1798 4164
4152 4165
276 4166
2117 4167
585 4168
3874 4169
617 4170
3850 4171
1160 4172
3834 4173
410 4174
989 4175
341 4176
3079 4177
3062 4178
54 4179
3223 4180
3025 4181
254 4182
785 4183
3220 4184
2048 4185
2382 4186
794 4187
1001 4188
2260 4189
735 4190
3102 4191
2656 4192
1303 4193
3080 4194
3185 4195
4091 4196
1283 4197
430 4198
4196 4199
1103 4200
4166 4201
187 4202
3023 4203
789 4204
3325 4205
3469 4206
665 4207
683 4208
3086 4209
348 4210
4108 4211
8 4212
4078 4213
3376 4214
3663 4215
2904 4216
3454 4217
3884 4218
2968 4219
1756 4220
1622 4221
3377 4222
3589 4223
539 4224
4033 4225
3325 4226
3131 4227
2651 4228
1165 4229
1248 4230
2062 4231
70 4232
937 4233
3417 4234
3025 4235
3926 4236
982 4237
2613 4238
3710 4239
2231 4240
1167 4241
1175 4242
1176 4243
671 4244
1670 4245
2866 4246
2093 4247
4097 4248
3520 4249
128 4250
1367 4251
156 4252
3103 4253
1236 4254
1544 4255
2303 4256
4067 4257
2566 4258
1959 4259
792 4260
428 4261
4121 4262
55 4263
1451 4264
1291 4265
3510 4266
374 4267
3652 4268
2597 4269
3315 4270
2895 4271
1456 4272
2441 4273
1812 4274
2618 4275
160 4276
1816 4277
2719 4278
591 4279
1271 4280
3762 4281
858 4282
2044 4283
2993 4284
1160 4285
1184 4286
1061 4287
1025 4288
3114 4289
328 4290
908 4291
2625 4292
4273 4293
775 4294
318 4295
2466 4296
4022 4297
2055 4298
3586 4299
2704 4300
1177 4301
1012 4302
658 4303
4158 4304
1251 4305
225 4306
2343 4307
1814 4308
3980 4309
1776 4310
2080 4311
907 4312
456 4313
3714 4314
3726 4315
3389 4316
2631 4317
3707 4318
559 4319
1040 4320
2025 4321
592 4322
1617 4323
990 4324
1913 4325
2078 4326
660 4327
3121 4328
2525 4329
715 4330
740 4331
3304 4332
1592 4333
1113 4334
2232 4335
2837 4336
1727 4337
4144 4338
1240 4339
2223 4340
3895 4341
1990 4342
988 4343
1650 4344
504 4345
1989 4346
416 4347
21 4348
1047 4349
1265 4350
1402 4351
1135 4352
310 4353
4321 4354
739 4355
2776 4356
4173 4357
602 4358
2833 4359
3864 4360
1363 4361
2649 4362
431 4363
1473 4364
3477 4365
1498 4366
884 4367
208 4368
2565 4369
3707 4370
2318 4371
3826 4372
827 4373
2980 4374
449 4375
2224 4376
3719 4377
3392 4378
1385 4379
2640 4380
1010 4381
3815 4382
2394 4383
658 4384
4131 4385
367 4386
2685 4387
2844 4388
2672 4389
326 4390
590 4391
1523 4392
2769 4393
2282 4394
1352 4395
2397 4396
1600 4397
2946 4398
1273 4399
2367 4400
3617 4401
2669 4402
3906 4403
159 4404
3211 4405
4148 4406
1687 4407
981 4408
2033 4409
174 4410
4393 4411
2452 4412
2066 4413
4045 4414
3942 4415
1327 4416
489 4417
2690 4418
3292 4419
1616 4420
2220 4421
3762 4422
2689 4423
2809 4424
59 4425
3081 4426
1639 4427
3346 4428
4299 4429
2355 4430
1517 4431
1630 4432
2892 4433
2904 4434
1128 4435
4386 4436
457 4437
1724 4438
3062 4439
4364 4440
769 4441
1273 4442
217 4443
1699 4444
3341 4445
3610 4446
791 4447
2436 4448
3672 4449
1225 4450
1901 4451
1529 4452
3432 4453
1536 4454
3969 4455
1998 4456
442 4457
67 4458
2877 4459
4369 4460
2824 4461
150 4462
1651 4463
3838 4464
1761 4465
1230 4466
3923 4467
1670 4468
1697 4469
2626 4470
401 4471
931 4472
1343 4473
281 4474
1169 4475
2312 4476
4412 4477
658 4478
2947 4479
3178 4480
4034 4481
3566 4482
3798 4483
3726 4484
140 4485
643 4486
1772 4487
499 4488
4251 4489
2464 4490
409 4491
2589 4492
451 4493
1234 4494
2941 4495
2100 4496
403 4497
1169 4498
2885 4499
1157 4500
1043 4501
1995 4502
3143 4503
1607 4504
2184 4505
2274 4506
189 4507
2563 4508
3414 4509
1917 4510
4266 4511
1595 4512
1467 4513
2062 4514
649 4515
2505 4516
2117 4517
511 4518
2904 4519
158 4520
635 4521
803 4522
501 4523
895 4524
1993 4525
1205 4526
976 4527
4411 4528
1990 4529
1444 4530
4518 4531
2150 4532
1271 4533
1017 4534
2883 4535
3632 4536
1777 4537
2989 4538
953 4539
3461 4540
2143 4541
2858 4542
2762 4543
1667 4544
1847 4545
928 4546
1844 4547
455 4548
2180 4549
4178 4550
213 4551
694 4552
1377 4553
2757 4554
1528 4555
4121 4556
4413 4557
895 4558
3989 4559
195 4560
3388 4561
25 4562
2875 4563
3720 4564
2884 4565
134 4566
3355 4567
4398 4568
136 4569
2281 4570
2342 4571
4473 4572
673 4573
137 4574
3489 4575
1125 4576
2788 4577
3347 4578
4446 4579
577 4580
4234 4581
1831 4582
2595 4583
3564 4584
1362 4585
987 4586
2720 4587
3133 4588
1484 4589
1843 4590
2381 4591
4392 4592
3839 4593
4409 4594
4487 4595
2095 4596
3066 4597
2322 4598
3915 4599
2362 4600
3571 4601
2979 4602
1337 4603
490 4604
2815 4605
1666 4606
1159 4607
1031 4608
2862 4609
77 4610
4492 4611
347 4612
4581 4613
2816 4614
3963 4615
3254 4616
2760 4617
4564 4618
3578 4619
1602 4620
960 4621
1770 4622
873 4623
1596 4624
1202 4625
2968 4626
1709 4627
1698 4628
3921 4629
986 4630
2508 4631
901 4632
1508 4633
2682 4634
1711 4635
2611 4636
1493 4637
83 4638
3925 4639
3327 4640
1303 4641
67 4642
4093 4643
1367 4644
2309 4645
1760 4646
3610 4647
1774 4648
1768 4649
3190 4650
3136 4651
1603 4652
198 4653
1790 4654
2739 4655
952 4656
3325 4657
428 4658
870 4659
3 4660
777 4661
361 4662
1544 4663
4170 4664
2096 4665
2703 4666
2514 4667
66 4668
275 4669
2889 4670
4574 4671
3036 4672
2167 4673
113 4674
4137 4675
910 4676
1209 4677
628 4678
2484 4679
3546 4680
4672 4681
2623 4682
3711 4683
1152 4684
20 4685
3280 4686
4266 4687
3689 4688
2304 4689
2482 4690
1444 4691
4135 4692
146 4693
1724 4694
897 4695
2190 4696
4092 4697
276 4698
3529 4699
2526 4700
614 4701
2736 4702
217 4703
970 4704
4653 4705
1382 4706
939 4707
1927 4708
4191 4709
4515 4710
4263 4711
22 4712
1298 4713
814 4714
995 4715
4032 4716
2822 4717
2799 4718
1453 4719
4500 4720
2824 4721
3818 4722
787 4723
1865 4724
3375 4725
808 4726
411 4727
3924 4728
3327 4729
2907 4730
247 4731
2989 4732
2069 4733
3471 4734
2034 4735
2504 4736
584 4737
3096 4738
631 4739
2257 4740
4348 4741
6 4742
3524 4743
1599 4744
2957 4745
2180 4746
4607 4747
2657 4748
1264 4749
4640 4750
2327 4751
4293 4752
1371 4753
2704 4754
2832 4755
1989 4756
1276 4757
2657 4758
1740 4759
4648 4760
3128 4761
1543 4762
1224 4763
3248 4764
4681 4765
764 4766
2169 4767
4530 4768
3013 4769
3786 4770
4519 4771
1365 4772
6 4773
3868 4774
2981 4775
4304 4776
4601 4777
1058 4778
2607 4779
2884 4780
927 4781
4637 4782
1190 4783
387 4784
777 4785
2553 4786
3302 4787
3541 4788
1671 4789
4340 4790
1671 4791
1512 4792
1615 4793
3173 4794
1526 4795
1419 4796
3888 4797
1241 4798
3759 4799
3275 4800
1689 4801
1194 4802
4060 4803
1981 4804
1608 4805
3581 4806
3021 4807
3433 4808
3726 4809
4083 4810
4367 4811
2086 4812
4602 4813
2663 4814
751 4815
1744 4816
3448 4817
384 4818
604 4819
1461 4820
3084 4821
3856 4822
3736 4823
4739 4824
159 4825
3008 4826
4371 4827
2762 4828
4229 4829
3707 4830
3121 4831
364 4832
2496 4833
4813 4834
4380 4835
1466 4836
660 4837
2686 4838
1491 4839
368 4840
628 4841
317 4842
1001 4843
3950 4844
1633 4845
2794 4846
486 4847
1079 4848
939 4849
3613 4850
4498 4851
1248 4852
1542 4853
4718 4854
4645 4855
255 4856
1985 4857
4301 4858
1354 4859
2400 4860
1576 4861
4059 4862
2441 4863
2427 4864
4539 4865
2982 4866
1906 4867
3838 4868
179 4869
4068 4870
498 4871
1196 4872
911 4873
1765 4874
2372 4875
1919 4876
2437 4877
3538 4878
3672 4879
4144 4880
4704 4881
2105 4882
3280 4883
1763 4884
3479 4885
2968 4886
556 4887
3384 4888
4242 4889
1808 4890
4489 4891
4857 4892
3312 4893
1552 4894
3167 4895
3770 4896
540 4897
2641 4898
3498 4899
3690 4900
4782 4901
1861 4902
243 4903
3088 4904
754 4905
3208 4906
2649 4907
1780 4908
368 4909
2668 4910
2764 4911
2083 4912
4335 4913
1098 4914
1258 4915
3653 4916
1053 4917
3812 4918
246 4919
1416 4920
4515 4921
271 4922
406 4923
2617 4924
3586 4925
409 4926
3901 4927
4479 4928
2290 4929
1688 4930
2303 4931
3050 4932
2865 4933
4804 4934
2741 4935
3474 4936
4107 4937
2902 4938
2721 4939
4933 4940
740 4941
2719 4942
3296 4943
3791 4944
578 4945
4724 4946
2162 4947
1155 4948
1415 4949
2143 4950
145 4951
4820 4952
3321 4953
2754 4954
3734 4955
1353 4956
4317 4957
2013 4958
4037 4959
2174 4960
221 4961
3001 4962
1928 4963
1013 4964
2933 4965
2201 4966
649 4967
3836 4968
3604 4969
4798 4970
4787 4971
2564 4972
3237 4973
519 4974
400 4975
2036 4976
287 4977
1817 4978
61 4979
262 4980
687 4981
279 4982
4539 4983
4077 4984
957 4985
842 4986
1958 4987
1916 4988
651 4989
2091 4990
2899 4991
1568 4992
4189 4993
3387 4994
2188 4995
3334 4996
972 4997
3647 4998
99 4999
1937 5000
2479 5001
1221 5002
1096 5003
3184 5004
2947 5005
2572 5006
2368 5007
4086 5008
131 5009
4752 5010
3 5011
2219 5012
2241 5013
1976 5014
4335 5015
1723 5016
1422 5017
3754 5018
2009 5019
2930 5020
150 5021
304 5022
4024 5023
4036 5024
1963 5025
1 5026
2011 5027
4062 5028
1345 5029
2477 5030
1846 5031
1303 5032
2908 5033
1807 5034
4321 5035
4681 5036
4013 5037
5013 5038
4191 5039
947 5040
2645 5041
4987 5042
593 5043
3517 5044
1051 5045
2637 5046
2488 5047