751
1 2
1 3
2 4
1 5
3 6
5 7
5 8
5 9
1 10
2 11
2 12
6 13
8 14
13 15
3 16
11 17
3 18
11 19
12 20
1 21
2 22
13 23
5 24
23 25
17 26
13 27
17 28
14 29
20 30
20 31
27 32
14 33
14 34
9 35
32 36
9 37
1 38
28 39
8 40
5 41
36 42
36 43
4 44
35 45
21 46
46 47
41 48
32 49
1 50
32 51
5 52
25 53
26 54
39 55
29 56
37 57
25 58
42 59
17 60
23 61
41 62
57 63
8 64
23 65
9 66
2 67
43 68
40 69
44 70
60 71
64 72
61 73
28 74
16 75
62 76
71 77
41 78
7 79
40 80
49 81
77 82
47 83
21 84
82 85
27 86
71 87
62 88
57 89
50 90
79 91
83 92
81 93
71 94
37 95
92 96
32 97
75 98
13 99
20 100
21 101
79 102
34 103
68 104
55 105
40 106
67 107
68 108
73 109
71 110
105 111
40 112
102 113
64 114
7 115
14 116
58 117
36 118
76 119
74 120
43 121
6 122
109 123
75 124
73 125
8 126
66 127
16 128
103 129
22 130
41 131
69 132
83 133
101 134
90 135
114 136
87 137
109 138
74 139
104 140
74 141
25 142
36 143
79 144
16 145
114 146
7 147
40 148
117 149
139 150
69 151
109 152
13 153
136 154
119 155
92 156
8 157
153 158
117 159
115 160
135 161
141 162
136 163
120 164
121 165
151 166
19 167
31 168
75 169
21 170
49 171
120 172
106 173
142 174
154 175
164 176
92 177
61 178
153 179
27 180
109 181
19 182
85 183
54 184
112 185
34 186
44 187
158 188
37 189
167 190
66 191
160 192
67 193
40 194
174 195
133 196
50 197
43 198
37 199
154 200
131 201
173 202
18 203
150 204
202 205
8 206
90 207
20 208
62 209
79 210
80 211
140 212
53 213
197 214
176 215
103 216
201 217
26 218
13 219
211 220
204 221
32 222
129 223
198 224
154 225
38 226
90 227
83 228
191 229
133 230
166 231
75 232
89 233
78 234
12 235
57 236
203 237
182 238
119 239
189 240
102 241
105 242
43 243
231 244
65 245
94 246
146 247
49 248
248 249
168 250
84 251
58 252
107 253
46 254
155 255
66 256
189 257
21 258
173 259
245 260
68 261
9 262
209 263
242 264
32 265
252 266
241 267
262 268
167 269
35 270
200 271
56 272
19 273
165 274
172 275
243 276
121 277
224 278
277 279
179 280
170 281
277 282
241 283
12 284
73 285
197 286
27 287
111 288
27 289
200 290
203 291
183 292
216 293
55 294
253 295
149 296
287 297
95 298
149 299
201 300
104 301
104 302
133 303
126 304
239 305
202 306
129 307
289 308
46 309
232 310
160 311
126 312
180 313
82 314
117 315
72 316
303 317
31 318
293 319
230 320
182 321
288 322
115 323
8 324
235 325
313 326
82 327
323 328
196 329
53 330
74 331
190 332
168 333
247 334
11 335
286 336
116 337
8 338
307 339
308 340
204 341
158 342
205 343
43 344
220 345
159 346
20 347
326 348
22 349
273 350
63 351
241 352
129 353
113 354
225 355
270 356
132 357
264 358
271 359
351 360
96 361
349 362
327 363
274 364
206 365
298 366
13 367
82 368
286 369
248 370
74 371
234 372
135 373
225 374
287 375
267 376
26 377
320 378
369 379
170 380
153 381
125 382
264 383
41 384
52 385
353 386
218 387
358 388
80 389
122 390
345 391
311 392
23 393
26 394
378 395
154 396
55 397
309 398
363 399
83 400
284 401
50 402
332 403
345 404
101 405
138 406
143 407
50 408
129 409
76 410
292 411
133 412
221 413
251 414
400 415
339 416
278 417
104 418
265 419
118 420
319 421
153 422
276 423
227 424
287 425
199 426
351 427
47 428
118 429
157 430
269 431
357 432
206 433
351 434
137 435
383 436
190 437
106 438
1 439
199 440
72 441
303 442
308 443
60 444
78 445
122 446
398 447
391 448
98 449
61 450
445 451
132 452
414 453
281 454
87 455
264 456
38 457
179 458
332 459
226 460
371 461
196 462
300 463
250 464
354 465
308 466
40 467
157 468
419 469
9 470
257 471
119 472
416 473
317 474
154 475
285 476
5 477
433 478
317 479
123 480
289 481
222 482
434 483
212 484
23 485
176 486
157 487
462 488
96 489
315 490
169 491
95 492
468 493
345 494
455 495
24 496
262 497
113 498
221 499
208 500
243 501
189 502
453 503
479 504
396 505
129 506
327 507
289 508
151 509
6 510
230 511
163 512
97 513
185 514
140 515
123 516
479 517
113 518
60 519
423 520
211 521
480 522
473 523
395 524
359 525
465 526
184 527
63 528
428 529
380 530
58 531
388 532
298 533
203 534
383 535
362 536
220 537
293 538
193 539
483 540
177 541
413 542
471 543
174 544
181 545
236 546
172 547
503 548
388 549
360 550
84 551
359 552
11 553
180 554
256 555
195 556
6 557
427 558
32 559
514 560
52 561
258 562
293 563
294 564
277 565
114 566
226 567
213 568
198 569
226 570
149 571
189 572
371 573
523 574
74 575
172 576
306 577
495 578
263 579
338 580
535 581
14 582
578 583
380 584
174 585
137 586
315 587
225 588
341 589
368 590
194 591
339 592
281 593
289 594
264 595
180 596
287 597
462 598
260 599
473 600
454 601
60 602
602 603
73 604
275 605
262 606
283 607
546 608
115 609
491 610
184 611
480 612
389 613
571 614
52 615
190 616
488 617
371 618
383 619
189 620
137 621
383 622
189 623
4 624
378 625
472 626
591 627
301 628
199 629
543 630
419 631
229 632
454 633
86 634
277 635
159 636
75 637
360 638
465 639
101 640
172 641
151 642
23 643
317 644
360 645
628 646
480 647
503 648
393 649
599 650
360 651
230 652
424 653
185 654
385 655
342 656
2 657
276 658
607 659
553 660
339 661
170 662
342 663
637 664
587 665
295 666
33 667
518 668
322 669
567 670
537 671
544 672
354 673
592 674
473 675
230 676
390 677
96 678
18 679
429 680
40 681
523 682
654 683
634 684
203 685
200 686
443 687
201 688
486 689
89 690
145 691
656 692
277 693
469 694
302 695
258 696
321 697
667 698
413 699
612 700
280 701
577 702
247 703
539 704
336 705
647 706
656 707
220 708
311 709
63 710
464 711
154 712
119 713
504 714
49 715
513 716
21 717
668 718
19 719
715 720
702 721
691 722
696 723
514 724
469 725
141 726
658 727
192 728
283 729
253 730
615 731
325 732
424 733
517 734
462 735
233 736
652 737
261 738
11 739
294 740
238 741
36 742
420 743
729 744
368 745
76 746
679 747
637 748
2 749
145 750
732 751
1 2
1 3
3 4
3 5
4 6
1 7
6 8
8 9
8 10
6 11
1 12
4 13
4 14
11 15
6 16
8 17
3 18
14 19
9 20
10 21
21 22
3 23
8 24
1 25
21 26
5 27
3 28
25 29
10 30
15 31
10 32
9 33
7 34
3 35
28 36
22 37
23 38
11 39
35 40
9 41
18 42
12 43
21 44
20 45
26 46
14 47
5 48
10 49
21 50
5 51
17 52
18 53
30 54
6 55
3 56
3 57
28 58
54 59
33 60
20 61
26 62
36 63
9 64
25 65
62 66
14 67
3 68
40 69
2 70
26 71
58 72
30 73
4 74
45 75
73 76
41 77
39 78
7 79
44 80
64 81
74 82
27 83
82 84
25 85
58 86
46 87
13 88
64 89
81 90
38 91
14 92
9 93
50 94
61 95
2 96
9 97
44 98
80 99
88 100
68 101
97 102
57 103
48 104
48 105
81 106
99 107
18 108
73 109
93 110
103 111
58 112
58 113
97 114
103 115
92 116
2 117
113 118
67 119
75 120
2 121
37 122
94 123
51 124
113 125
15 126
121 127
49 128
83 129
29 130
6 131
6 132
48 133
35 134
46 135
20 136
118 137
39 138
110 139
86 140
6 141
12 142
54 143
109 144
139 145
67 146
135 147
18 148
123 149
108 150
50 151
129 152
115 153
132 154
130 155
5 156
33 157
62 158
42 159
9 160
100 161
81 162
29 163
81 164
40 165
91 166
43 167
80 168
58 169
83 170
97 171
80 172
110 173
23 174
77 175
113 176
2 177
85 178
90 179
32 180
29 181
62 182
29 183
101 184
156 185
10 186
163 187
148 188
107 189
24 190
22 191
87 192
41 193
160 194
69 195
115 196
145 197
189 198
19 199
143 200
129 201
105 202
68 203
111 204
58 205
75 206
158 207
94 208
176 209
35 210
207 211
77 212
168 213
112 214
37 215
75 216
71 217
69 218
111 219
152 220
46 221
182 222
20 223
135 224
121 225
168 226
140 227
111 228
21 229
93 230
214 231
123 232
6 233
155 234
46 235
168 236
199 237
1 238
94 239
157 240
37 241
160 242
40 243
182 244
243 245
217 246
242 247
36 248
232 249
28 250
145 251
82 252
247 253
206 254
90 255
134 256
152 257
134 258
206 259
16 260
46 261
110 262
21 263
215 264
233 265
96 266
165 267
234 268
3 269
1 270
37 271
22 272
171 273
254 274
158 275
257 276
105 277
121 278
192 279
62 280
238 281
20 282
125 283
246 284
183 285
281 286
270 287
122 288
42 289
45 290
140 291
196 292
87 293
69 294
250 295
285 296
33 297
23 298
33 299
64 300
112 301
171 302
177 303
12 304
248 305
284 306
137 307
24 308
292 309
126 310
141 311
44 312
200 313
121 314
2 315
145 316
64 317
90 318
83 319
233 320
315 321
14 322
317 323
108 324
57 325
168 326
116 327
177 328
84 329
33 330
15 331
308 332
55 333
146 334
23 335
56 336
167 337
181 338
85 339
37 340
271 341
338 342
198 343
36 344
299 345
219 346
221 347
34 348
321 349
133 350
188 351
162 352
148 353
39 354
351 355
346 356
93 357
88 358
262 359
307 360
79 361
159 362
43 363
347 364
33 365
69 366
190 367
177 368
234 369
52 370
85 371
240 372
65 373
71 374
74 375
33 376
205 377
242 378
101 379
48 380
327 381
223 382
381 383
53 384
64 385
263 386
94 387
108 388
230 389
372 390
173 391
74 392
371 393
110 394
2 395
108 396
169 397
15 398
299 399
5 400
154 401
279 402
58 403
283 404
94 405
349 406
392 407
203 408
101 409
332 410
179 411
211 412
232 413
20 414
87 415
41 416
412 417
44 418
284 419
198 420
384 421
67 422
365 423
192 424
323 425
199 426
91 427
193 428
121 429
374 430
295 431
286 432
250 433
34 434
104 435
268 436
139 437
31 438
175 439
269 440
435 441
155 442
31 443
188 444
431 445
429 446
378 447
356 448
279 449
367 450
337 451
153 452
357 453
58 454
40 455
260 456
397 457
323 458
233 459
457 460
328 461
429 462
211 463
28 464
253 465
73 466
3 467
199 468
126 469
1 470
414 471
23 472
12 473
443 474
397 475
322 476
185 477
131 478
246 479
253 480
88 481
339 482
190 483
323 484
212 485
55 486
119 487
424 488
8 489
350 490
477 491
438 492
132 493
420 494
203 495
250 496
278 497
336 498
299 499
75 500
136 501
422 502
144 503
133 504
421 505
388 506
440 507
184 508
275 509
391 510
360 511
337 512
403 513
219 514
275 515
169 516
480 517
5 518
408 519
184 520
102 521
321 522
485 523
244 524
259 525
139 526
35 527
94 528
465 529
190 530
430 531
452 532
201 533
173 534
275 535
96 536
488 537
319 538
67 539
112 540
477 541
473 542
445 543
24 544
202 545
276 546
183 547
13 548
289 549
66 550
469 551
453 552
85 553
434 554
1 555
262 556
272 557
325 558
404 559
415 560
425 561
150 562
317 563
560 564
219 565
229 566
551 567
492 568
443 569
102 570
197 571
278 572
173 573
551 574
106 575
325 576
448 577
270 578
398 579
574 580
261 581
130 582
200 583
164 584
550 585
356 586
512 587
369 588
123 589
546 590
227 591
71 592
431 593
475 594
305 595
63 596
381 597
171 598
321 599
42 600
28 601
514 602
307 603
291 604
98 605
322 606
440 607
411 608
217 609
62 610
386 611
96 612
78 613
610 614
371 615
496 616
109 617
142 618
75 619
63 620
425 621
475 622
561 623
415 624
279 625
84 626
385 627
416 628
423 629
397 630
448 631
41 632
56 633
278 634
81 635
84 636
373 637
296 638
62 639
232 640
430 641
84 642
240 643
484 644
449 645
525 646
532 647
218 648
440 649
567 650
444 651
368 652
616 653
568 654
611 655
60 656
617 657
371 658
327 659
635 660
625 661
388 662
64 663
639 664
145 665
181 666
584 667
309 668
111 669
613 670
607 671
655 672
192 673
452 674
476 675
545 676
581 677
106 678
435 679
138 680
377 681
258 682
275 683
92 684
47 685
279 686
483 687
366 688
265 689
38 690
88 691
173 692
8 693
523 694
341 695
63 696
605 697
8 698
327 699
684 700
699 701
14 702
189 703
369 704
278 705
673 706
618 707
11 708
152 709
265 710
40 711
6 712
249 713
682 714
531 715
523 716
705 717
536 718
537 719
482 720
140 721
626 722
511 723
524 724
340 725
498 726
440 727
88 728
346 729
81 730
30 731
7 732
566 733
546 734
406 735
670 736
46 737
402 738
344 739
193 740
415 741
86 742
121 743
6 744
171 745
208 746
219 747
90 748
367 749
251 750
134 751