588
1 2
1 3
1 4
4 5
1 6
4 7
1 8
8 9
2 10
2 11
8 12
5 13
5 14
5 15
2 16
10 17
7 18
8 19
1 20
6 21
13 22
19 23
3 24
5 25
25 26
5 27
14 28
19 29
22 30
17 31
25 32
1 33
19 34
10 35
17 36
14 37
32 38
27 39
25 40
24 41
7 42
36 43
12 44
42 45
35 46
37 47
22 48
33 49
10 50
23 51
33 52
21 53
6 54
5 55
22 56
52 57
28 58
30 59
47 60
3 61
38 62
44 63
55 64
9 65
33 66
63 67
47 68
31 69
31 70
54 71
35 72
57 73
12 74
71 75
72 76
76 77
49 78
49 79
22 80
26 81
15 82
7 83
34 84
39 85
11 86
54 87
27 88
22 89
16 90
72 91
48 92
44 93
86 94
8 95
70 96
87 97
33 98
86 99
67 100
93 101
74 102
61 103
25 104
40 105
31 106
67 107
12 108
31 109
101 110
66 111
55 112
76 113
93 114
80 115
98 116
101 117
100 118
51 119
102 120
23 121
16 122
31 123
118 124
62 125
2 126
75 127
125 128
7 129
127 130
10 131
131 132
114 133
79 134
109 135
77 136
94 137
76 138
21 139
19 140
29 141
26 142
107 143
15 144
133 145
112 146
83 147
63 148
143 149
52 150
70 151
44 152
99 153
13 154
44 155
3 156
141 157
23 158
32 159
38 160
97 161
97 162
50 163
66 164
163 165
116 166
32 167
9 168
44 169
65 170
1 171
45 172
77 173
12 174
82 175
148 176
5 177
160 178
77 179
99 180
20 181
152 182
27 183
110 184
68 185
140 186
118 187
183 188
1 189
112 190
124 191
53 192
30 193
69 194
168 195
81 196
117 197
76 198
156 199
94 200
42 201
160 202
24 203
4 204
97 205
179 206
77 207
198 208
121 209
197 210
37 211
203 212
83 213
87 214
156 215
132 216
54 217
185 218
72 219
97 220
64 221
25 222
170 223
55 224
105 225
182 226
103 227
144 228
62 229
50 230
93 231
4 232
29 233
218 234
109 235
133 236
236 237
95 238
88 239
141 240
162 241
181 242
241 243
14 244
78 245
130 246
73 247
182 248
63 249
112 250
221 251
73 252
121 253
205 254
133 255
26 256
97 257
78 258
242 259
133 260
159 261
6 262
59 263
184 264
96 265
139 266
184 267
65 268
10 269
51 270
63 271
176 272
178 273
175 274
228 275
246 276
226 277
13 278
88 279
102 280
243 281
232 282
76 283
46 284
105 285
200 286
52 287
12 288
131 289
251 290
149 291
39 292
155 293
181 294
236 295
71 296
102 297
67 298
172 299
125 300
236 301
300 302
95 303
159 304
12 305
222 306
251 307
84 308
282 309
141 310
160 311
93 312
227 313
297 314
22 315
255 316
274 317
229 318
205 319
250 320
10 321
219 322
138 323
217 324
303 325
264 326
33 327
47 328
166 329
60 330
143 331
172 332
240 333
189 334
125 335
141 336
228 337
235 338
107 339
217 340
51 341
218 342
87 343
48 344
160 345
309 346
187 347
273 348
269 349
75 350
299 351
266 352
248 353
22 354
351 355
54 356
153 357
304 358
271 359
287 360
39 361
61 362
4 363
253 364
288 365
285 366
254 367
60 368
55 369
350 370
163 371
13 372
211 373
224 374
353 375
337 376
35 377
31 378
172 379
344 380
130 381
88 382
76 383
164 384
271 385
108 386
295 387
378 388
34 389
227 390
384 391
254 392
41 393
95 394
102 395
346 396
105 397
261 398
34 399
228 400
233 401
184 402
293 403
208 404
46 405
322 406
163 407
119 408
195 409
2 410
362 411
63 412
152 413
270 414
339 415
255 416
410 417
381 418
41 419
261 420
376 421
181 422
82 423
58 424
407 425
78 426
228 427
427 428
143 429
136 430
164 431
90 432
237 433
241 434
413 435
127 436
55 437
63 438
317 439
146 440
233 441
393 442
300 443
214 444
412 445
312 446
243 447
235 448
274 449
165 450
97 451
226 452
438 453
160 454
271 455
353 456
261 457
374 458
83 459
440 460
411 461
319 462
345 463
200 464
231 465
181 466
21 467
84 468
278 469
304 470
175 471
425 472
403 473
111 474
352 475
221 476
328 477
282 478
371 479
473 480
402 481
349 482
273 483
381 484
170 485
349 486
404 487
126 488
357 489
475 490
348 491
346 492
205 493
175 494
116 495
186 496
320 497
165 498
301 499
75 500
318 501
420 502
474 503
187 504
74 505
291 506
383 507
385 508
397 509
494 510
58 511
496 512
83 513
126 514
31 515
448 516
435 517
148 518
33 519
332 520
11 521
433 522
255 523
472 524
24 525
255 526
65 527
325 528
512 529
523 530
8 531
357 532
212 533
76 534
129 535
307 536
101 537
169 538
349 539
396 540
411 541
97 542
415 543
41 544
312 545
543 546
394 547
417 548
263 549
100 550
550 551
170 552
95 553
256 554
4 555
455 556
48 557
117 558
433 559
451 560
80 561
279 562
210 563
95 564
278 565
505 566
315 567
175 568
73 569
207 570
393 571
262 572
418 573
26 574
396 575
492 576
518 577
449 578
327 579
33 580
238 581
496 582
105 583
305 584
180 585
487 586
181 587
363 588
1 2
1 3
1 4
1 5
3 6
1 7
5 8
5 9
2 10
2 11
10 12
6 13
9 14
4 15
12 16
4 17
13 18
4 19
17 20
19 21
11 22
22 23
20 24
2 25
14 26
2 27
1 28
26 29
1 30
2 31
18 32
11 33
21 34
23 35
2 36
6 37
12 38
10 39
9 40
19 41
5 42
14 43
3 44
42 45
43 46
2 47
14 48
2 49
32 50
16 51
34 52
4 53
8 54
46 55
36 56
7 57
1 58
49 59
32 60
58 61
25 62
41 63
8 64
26 65
10 66
30 67
50 68
56 69
32 70
69 71
54 72
1 73
62 74
28 75
23 76
76 77
36 78
60 79
36 80
54 81
5 82
46 83
50 84
56 85
1 86
63 87
39 88
51 89
68 90
32 91
55 92
38 93
20 94
12 95
48 96
30 97
10 98
82 99
6 100
67 101
81 102
49 103
10 104
53 105
91 106
81 107
15 108
92 109
96 110
40 111
49 112
17 113
72 114
73 115
92 116
51 117
54 118
39 119
53 120
103 121
44 122
121 123
78 124
111 125
118 126
67 127
14 128
48 129
15 130
21 131
117 132
120 133
90 134
33 135
96 136
92 137
5 138
105 139
107 140
123 141
115 142
23 143
74 144
92 145
75 146
19 147
144 148
113 149
5 150
111 151
113 152
63 153
62 154
49 155
28 156
136 157
137 158
75 159
34 160
153 161
122 162
69 163
40 164
134 165
68 166
88 167
10 168
122 169
97 170
92 171
135 172
121 173
34 174
128 175
41 176
171 177
115 178
114 179
94 180
58 181
131 182
99 183
69 184
37 185
13 186
33 187
140 188
131 189
150 190
142 191
13 192
48 193
77 194
43 195
43 196
102 197
181 198
135 199
130 200
70 201
155 202
49 203
77 204
99 205
82 206
51 207
36 208
108 209
112 210
91 211
14 212
29 213
177 214
33 215
39 216
214 217
111 218
205 219
113 220
85 221
189 222
184 223
80 224
20 225
92 226
71 227
155 228
135 229
87 230
122 231
70 232
74 233
157 234
183 235
28 236
18 237
108 238
114 239
44 240
142 241
36 242
115 243
47 244
105 245
9 246
177 247
132 248
197 249
54 250
106 251
189 252
230 253
48 254
196 255
166 256
118 257
243 258
15 259
152 260
35 261
148 262
153 263
121 264
236 265
50 266
101 267
19 268
238 269
262 270
254 271
91 272
229 273
260 274
94 275
230 276
230 277
166 278
158 279
59 280
45 281
61 282
196 283
129 284
255 285
265 286
98 287
211 288
154 289
206 290
40 291
231 292
280 293
78 294
91 295
231 296
269 297
132 298
295 299
179 300
191 301
300 302
149 303
26 304
45 305
33 306
105 307
115 308
221 309
122 310
274 311
201 312
210 313
238 314
27 315
150 316
54 317
168 318
28 319
282 320
41 321
256 322
262 323
268 324
180 325
174 326
70 327
326 328
270 329
311 330
202 331
63 332
216 333
326 334
1 335
318 336
88 337
80 338
272 339
97 340
193 341
152 342
26 343
62 344
237 345
34 346
190 347
14 348
178 349
257 350
205 351
139 352
300 353
304 354
201 355
60 356
207 357
32 358
284 359
181 360
312 361
249 362
357 363
255 364
358 365
212 366
223 367
6 368
271 369
72 370
176 371
248 372
326 373
21 374
75 375
67 376
71 377
188 378
65 379
328 380
150 381
72 382
21 383
48 384
19 385
240 386
152 387
216 388
383 389
110 390
80 391
91 392
159 393
386 394
123 395
355 396
153 397
321 398
40 399
283 400
355 401
81 402
301 403
70 404
13 405
162 406
372 407
101 408
88 409
95 410
180 411
2 412
27 413
228 414
276 415
56 416
269 417
3 418
207 419
100 420
66 421
319 422
275 423
398 424
216 425
117 426
260 427
142 428
411 429
401 430
103 431
307 432
327 433
305 434
364 435
409 436
321 437
204 438
93 439
328 440
166 441
72 442
79 443
151 444
178 445
143 446
425 447
307 448
281 449
162 450
385 451
432 452
365 453
396 454
41 455
191 456
88 457
232 458
20 459
31 460
416 461
386 462
199 463
216 464
260 465
6 466
23 467
193 468
303 469
426 470
154 471
137 472
273 473
427 474
368 475
190 476
227 477
148 478
59 479
283 480
457 481
430 482
115 483
317 484
447 485
113 486
225 487
464 488
350 489
407 490
4 491
18 492
391 493
6 494
96 495
89 496
311 497
161 498
381 499
430 500
10 501
370 502
7 503
183 504
121 505
179 506
189 507
58 508
390 509
259 510
455 511
116 512
250 513
344 514
498 515
413 516
196 517
390 518
70 519
509 520
207 521
305 522
254 523
3 524
353 525
36 526
449 527
272 528
385 529
177 530
434 531
299 532
519 533
490 534
461 535
374 536
190 537
269 538
78 539
69 540
345 541
119 542
386 543
114 544
55 545
170 546
73 547
502 548
121 549
463 550
132 551
133 552
392 553
448 554
324 555
29 556
128 557
461 558
364 559
313 560
557 561
96 562
155 563
259 564
430 565
350 566
496 567
130 568
389 569
470 570
135 571
225 572
103 573
464 574
215 575
127 576
277 577
450 578
412 579
30 580
300 581
90 582
44 583
64 584
135 585
205 586
399 587
329 588