540
1 2
2 3
3 4
2 5
2 6
3 7
2 8
3 9
9 10
5 11
4 12
8 13
6 14
8 15
7 16
13 17
2 18
10 19
3 20
1 21
3 22
19 23
12 24
5 25
9 26
1 27
14 28
22 29
22 30
8 31
21 32
27 33
27 34
16 35
11 36
2 37
23 38
9 39
20 40
9 41
26 42
27 43
8 44
40 45
8 46
19 47
29 48
27 49
20 50
47 51
42 52
18 53
9 54
27 55
14 56
21 57
45 58
31 59
3 60
6 61
35 62
54 63
7 64
47 65
30 66
21 67
4 68
43 69
53 70
43 71
54 72
2 73
59 74
8 75
53 76
51 77
26 78
31 79
74 80
73 81
41 82
56 83
36 84
28 85
37 86
29 87
29 88
41 89
16 90
31 91
64 92
80 93
72 94
20 95
74 96
55 97
64 98
38 99
31 100
6 101
12 102
1 103
31 104
90 105
53 106
35 107
27 108
52 109
87 110
35 111
111 112
75 113
108 114
52 115
73 116
15 117
31 118
71 119
44 120
106 121
77 122
23 123
114 124
93 125
46 126
22 127
117 128
80 129
66 130
91 131
53 132
72 133
88 134
130 135
18 136
5 137
4 138
51 139
76 140
84 141
54 142
59 143
32 144
78 145
83 146
12 147
128 148
80 149
45 150
84 151
128 152
38 153
48 154
39 155
70 156
156 157
149 158
151 159
41 160
46 161
14 162
21 163
34 164
38 165
70 166
109 167
30 168
158 169
166 170
111 171
134 172
156 173
168 174
145 175
166 176
160 177
135 178
53 179
124 180
149 181
72 182
22 183
106 184
37 185
164 186
54 187
40 188
40 189
89 190
90 191
105 192
106 193
1 194
52 195
179 196
189 197
33 198
87 199
44 200
164 201
164 202
138 203
189 204
81 205
99 206
10 207
160 208
33 209
204 210
135 211
128 212
102 213
97 214
149 215
201 216
155 217
131 218
206 219
72 220
1 221
204 222
220 223
18 224
183 225
73 226
46 227
155 228
210 229
15 230
21 231
226 232
3 233
206 234
126 235
102 236
143 237
61 238
207 239
67 240
62 241
200 242
130 243
229 244
37 245
159 246
40 247
189 248
189 249
30 250
231 251
7 252
138 253
206 254
13 255
246 256
45 257
39 258
151 259
52 260
202 261
29 262
90 263
63 264
70 265
217 266
3 267
85 268
180 269
139 270
223 271
56 272
251 273
28 274
129 275
217 276
234 277
66 278
238 279
19 280
216 281
78 282
84 283
19 284
20 285
26 286
183 287
20 288
260 289
242 290
13 291
217 292
274 293
160 294
260 295
166 296
49 297
83 298
104 299
270 300
54 301
267 302
184 303
249 304
216 305
115 306
282 307
282 308
217 309
119 310
194 311
104 312
252 313
50 314
249 315
176 316
126 317
229 318
1 319
284 320
308 321
174 322
146 323
41 324
250 325
84 326
208 327
282 328
278 329
121 330
321 331
178 332
151 333
247 334
23 335
198 336
241 337
129 338
76 339
149 340
312 341
127 342
152 343
207 344
125 345
213 346
315 347
195 348
248 349
166 350
222 351
173 352
256 353
37 354
122 355
261 356
285 357
273 358
231 359
319 360
142 361
350 362
318 363
289 364
307 365
107 366
44 367
336 368
258 369
148 370
13 371
35 372
271 373
90 374
84 375
127 376
227 377
120 378
170 379
86 380
68 381
367 382
332 383
299 384
196 385
177 386
46 387
17 388
210 389
168 390
53 391
131 392
337 393
188 394
337 395
368 396
129 397
205 398
328 399
274 400
120 401
79 402
87 403
243 404
168 405
33 406
9 407
357 408
292 409
392 410
281 411
198 412
136 413
206 414
363 415
295 416
323 417
110 418
362 419
94 420
110 421
356 422
4 423
194 424
206 425
420 426
219 427
247 428
366 429
165 430
252 431
399 432
401 433
354 434
135 435
48 436
338 437
299 438
268 439
18 440
6 441
148 442
380 443
57 444
364 445
327 446
427 447
286 448
114 449
367 450
282 451
216 452
138 453
279 454
141 455
283 456
410 457
362 458
33 459
217 460
169 461
364 462
33 463
194 464
182 465
275 466
276 467
443 468
77 469
433 470
69 471
440 472
256 473
208 474
293 475
50 476
313 477
63 478
427 479
67 480
404 481
81 482
85 483
347 484
168 485
78 486
368 487
205 488
214 489
461 490
32 491
316 492
350 493
477 494
8 495
439 496
271 497
195 498
424 499
269 500
234 501
180 502
223 503
64 504
475 505
472 506
161 507
395 508
124 509
498 510
466 511
57 512
452 513
38 514
409 515
98 516
485 517
202 518
278 519
518 520
359 521
186 522
49 523
286 524
256 525
215 526
259 527
261 528
107 529
487 530
239 531
113 532
219 533
455 534
149 535
319 536
65 537
458 538
266 539
435 540
1 2
2 3
2 4
1 5
5 6
3 7
1 8
8 9
9 10
9 11
10 12
6 13
11 14
1 15
5 16
16 17
9 18
3 19
17 20
11 21
16 22
1 23
17 24
24 25
14 26
24 27
17 28
27 29
7 30
1 31
26 32
32 33
13 34
2 35
18 36
10 37
22 38
37 39
18 40
34 41
25 42
34 43
41 44
21 45
14 46
25 47
27 48
4 49
28 50
17 51
21 52
25 53
26 54
6 55
19 56
27 57
54 58
23 59
35 60
57 61
49 62
8 63
43 64
1 65
5 66
59 67
59 68
57 69
57 70
19 71
71 72
45 73
35 74
15 75
3 76
50 77
62 78
20 79
12 80
77 81
68 82
13 83
54 84
28 85
52 86
67 87
83 88
30 89
19 90
14 91
52 92
44 93
23 94
61 95
86 96
80 97
73 98
1 99
63 100
98 101
70 102
16 103
18 104
77 105
71 106
95 107
11 108
26 109
73 110
10 111
43 112
11 113
40 114
34 115
98 116
4 117
102 118
15 119
94 120
31 121
64 122
106 123
22 124
76 125
9 126
67 127
3 128
60 129
44 130
82 131
102 132
49 133
61 134
75 135
81 136
92 137
22 138
10 139
59 140
37 141
12 142
65 143
63 144
62 145
31 146
92 147
89 148
100 149
59 150
73 151
7 152
145 153
121 154
52 155
105 156
116 157
57 158
89 159
93 160
85 161
2 162
11 163
11 164
89 165
44 166
55 167
33 168
112 169
144 170
36 171
27 172
105 173
170 174
159 175
64 176
113 177
137 178
124 179
156 180
112 181
22 182
98 183
42 184
178 185
152 186
61 187
30 188
74 189
99 190
61 191
61 192
41 193
167 194
150 195
14 196
49 197
76 198
198 199
49 200
67 201
33 202
181 203
131 204
142 205
140 206
80 207
193 208
67 209
206 210
134 211
96 212
117 213
115 214
28 215
177 216
197 217
105 218
210 219
22 220
204 221
120 222
108 223
21 224
105 225
31 226
210 227
162 228
199 229
154 230
178 231
18 232
149 233
111 234
71 235
13 236
19 237
32 238
85 239
56 240
178 241
189 242
227 243
4 244
130 245
231 246
30 247
147 248
85 249
62 250
163 251
98 252
169 253
54 254
86 255
214 256
75 257
60 258
10 259
171 260
170 261
130 262
221 263
199 264
45 265
262 266
14 267
167 268
4 269
129 270
118 271
91 272
74 273
136 274
134 275
38 276
11 277
196 278
253 279
81 280
278 281
124 282
61 283
157 284
207 285
169 286
138 287
243 288
255 289
120 290
123 291
14 292
136 293
66 294
291 295
150 296
89 297
237 298
2 299
269 300
9 301
298 302
290 303
105 304
33 305
77 306
113 307
62 308
147 309
78 310
237 311
7 312
47 313
30 314
19 315
248 316
305 317
132 318
83 319
292 320
129 321
142 322
298 323
159 324
212 325
295 326
39 327
17 328
319 329
59 330
168 331
325 332
332 333
300 334
143 335
175 336
59 337
81 338
277 339
21 340
174 341
205 342
233 343
15 344
193 345
139 346
167 347
291 348
325 349
234 350
193 351
308 352
182 353
209 354
29 355
160 356
131 357
284 358
204 359
84 360
70 361
179 362
150 363
38 364
108 365
87 366
279 367
54 368
29 369
341 370
332 371
246 372
259 373
201 374
160 375
12 376
318 377
25 378
262 379
368 380
64 381
372 382
273 383
121 384
285 385
30 386
172 387
5 388
384 389
189 390
32 391
262 392
357 393
245 394
229 395
122 396
175 397
120 398
151 399
42 400
55 401
242 402
262 403
361 404
102 405
129 406
141 407
164 408
26 409
269 410
311 411
247 412
403 413
11 414
367 415
328 416
402 417
147 418
161 419
351 420
307 421
202 422
11 423
339 424
40 425
140 426
335 427
135 428
93 429
31 430
421 431
257 432
142 433
134 434
160 435
253 436
78 437
53 438
355 439
147 440
155 441
109 442
260 443
3 444
52 445
331 446
148 447
163 448
35 449
446 450
324 451
90 452
260 453
446 454
167 455
347 456
350 457
161 458
167 459
335 460
61 461
62 462
296 463
346 464
362 465
417 466
461 467
83 468
323 469
13 470
193 471
80 472
88 473
388 474
195 475
238 476
114 477
40 478
352 479
218 480
345 481
114 482
481 483
7 484
232 485
426 486
388 487
202 488
211 489
191 490
264 491
67 492
4 493
232 494
456 495
308 496
303 497
178 498
358 499
384 500
453 501
288 502
160 503
340 504
80 505
60 506
303 507
274 508
508 509
79 510
142 511
374 512
323 513
165 514
118 515
376 516
317 517
341 518
498 519
247 520
253 521
495 522
257 523
430 524
249 525
45 526
27 527
100 528
430 529
326 530
497 531
150 532
293 533
130 534
117 535
320 536
292 537
316 538
478 539
208 540